9.80000e+00,8.23327e-08
9.88411e+00,8.23327e-08
9.96894e+00,8.23327e-08
1.00545e+01,8.23327e-08
1.01408e+01,8.23327e-08
1.02278e+01,8.23327e-08
1.03156e+01,8.23327e-08
1.04041e+01,8.23327e-08
1.04934e+01,8.23327e-08
1.05835e+01,8.23327e-08
1.06743e+01,8.23327e-08
1.07659e+01,8.23327e-08
1.08583e+01,8.09175e-08
1.09515e+01,7.86934e-08
1.10455e+01,7.64997e-08
1.11403e+01,7.43408e-08
1.12359e+01,7.22126e-08
1.13324e+01,7.01231e-08
1.14296e+01,6.80651e-08
1.15277e+01,6.60495e-08
1.16267e+01,6.40715e-08
1.17265e+01,6.21315e-08
1.18271e+01,6.02312e-08
1.19286e+01,5.83718e-08
1.20310e+01,5.65541e-08
1.21342e+01,5.47786e-08
1.22384e+01,5.30452e-08
1.23434e+01,5.13539e-08
1.24494e+01,4.97046e-08
1.25562e+01,4.80972e-08
1.26640e+01,4.65309e-08
1.27727e+01,4.50048e-08
1.28823e+01,4.35174e-08
1.29928e+01,4.20666e-08
1.31044e+01,4.06695e-08
1.32168e+01,3.93088e-08
1.33303e+01,3.79805e-08
1.34447e+01,3.66838e-08
1.35601e+01,3.54427e-08
1.36764e+01,3.42296e-08
1.37938e+01,3.30417e-08
1.39122e+01,3.19098e-08
1.40316e+01,3.08037e-08
1.41520e+01,2.97220e-08
1.42735e+01,2.86950e-08
1.43960e+01,2.76842e-08
1.45195e+01,2.67126e-08
1.46442e+01,2.57733e-08
1.47698e+01,2.48519e-08
1.48966e+01,2.39802e-08
1.50245e+01,2.31149e-08
1.51534e+01,2.23007e-08
1.52835e+01,2.14953e-08
1.54146e+01,2.07299e-08
1.55469e+01,1.99799e-08
1.56804e+01,1.92628e-08
1.58149e+01,1.85640e-08
1.59507e+01,1.78942e-08
1.60876e+01,1.72421e-08
1.62256e+01,1.66183e-08
1.63649e+01,1.60085e-08
1.65054e+01,1.54294e-08
1.66470e+01,1.48579e-08
1.67899e+01,1.43220e-08
1.69340e+01,1.37849e-08
1.70793e+01,1.32905e-08
1.72259e+01,1.27918e-08
1.73738e+01,1.23295e-08
1.75229e+01,1.18708e-08
1.76733e+01,1.14337e-08
1.78249e+01,1.10132e-08
1.79779e+01,1.05983e-08
1.81322e+01,1.02140e-08
1.82878e+01,9.82640e-09
1.84448e+01,9.46881e-09
1.86031e+01,9.11565e-09
1.87628e+01,8.77318e-09
1.89238e+01,8.45227e-09
1.90862e+01,8.12860e-09
1.92500e+01,7.83248e-09
1.94152e+01,7.53941e-09
1.95819e+01,7.25289e-09
1.97499e+01,6.98828e-09
1.99194e+01,6.72140e-09
2.00904e+01,6.47216e-09
2.02628e+01,6.23202e-09
2.04367e+01,5.98982e-09
2.06121e+01,5.77292e-09
2.07890e+01,5.55558e-09
2.09674e+01,5.34176e-09
2.11474e+01,5.22596e-09
2.13289e+01,5.02990e-09
2.15120e+01,4.84186e-09
2.16966e+01,4.66701e-09
2.18828e+01,4.49067e-09
2.20706e+01,4.32267e-09
2.22600e+01,4.16049e-09
2.24511e+01,3.99730e-09
2.26438e+01,3.84562e-09
2.28381e+01,3.70100e-09
2.30341e+01,3.55546e-09
2.32318e+01,3.42085e-09
2.34312e+01,3.29230e-09
2.36323e+01,3.16292e-09
2.38351e+01,3.04286e-09
2.40397e+01,2.92888e-09
2.42460e+01,2.81418e-09
2.44541e+01,2.70651e-09
2.46640e+01,2.60579e-09
2.48757e+01,2.50441e-09
2.50892e+01,2.40732e-09
2.53045e+01,2.31854e-09
2.55217e+01,2.22916e-09
2.57407e+01,2.14110e-09
2.59616e+01,2.06308e-09
2.61844e+01,1.98453e-09
2.64092e+01,1.90543e-09
2.66358e+01,1.83589e-09
2.68644e+01,1.76704e-09
2.70950e+01,1.69771e-09
2.73276e+01,1.63375e-09
2.75621e+01,1.57354e-09
2.77986e+01,1.51291e-09
2.80372e+01,1.45380e-09
2.82779e+01,1.40133e-09
2.85206e+01,1.34847e-09
2.87653e+01,1.29522e-09
2.90122e+01,1.24797e-09
2.92612e+01,1.20199e-09
2.95124e+01,1.15566e-09
2.97656e+01,1.11131e-09
3.00211e+01,1.07144e-09
3.02788e+01,1.03127e-09
3.05386e+01,9.90798e-10
3.08007e+01,9.55067e-10
3.10651e+01,9.20328e-10
3.13317e+01,8.85314e-10
3.16006e+01,8.51279e-10
3.18718e+01,8.21299e-10
3.21454e+01,7.91067e-10
3.24213e+01,7.60602e-10
3.26995e+01,7.32845e-10
3.29802e+01,7.06829e-10
3.32632e+01,6.80595e-10
3.35487e+01,6.54145e-10
3.38366e+01,6.31497e-10
3.41270e+01,6.08965e-10
3.44199e+01,5.86242e-10
3.47153e+01,5.64115e-10
3.50133e+01,5.44803e-10
3.53138e+01,5.25325e-10
3.56169e+01,5.05679e-10
3.59226e+01,4.87320e-10
3.62309e+01,4.70668e-10
3.65418e+01,4.53866e-10
3.68554e+01,4.36919e-10
3.71718e+01,4.21625e-10
3.74908e+01,4.07288e-10
3.78126e+01,3.92819e-10
3.81371e+01,3.78219e-10
3.84644e+01,3.65419e-10
3.87945e+01,3.53090e-10
3.91275e+01,3.40655e-10
3.94633e+01,3.28098e-10
3.98020e+01,3.17314e-10
4.01436e+01,3.06737e-10
4.04881e+01,2.96057e-10
4.08356e+01,2.85285e-10
4.11861e+01,2.76134e-10
4.15396e+01,2.67069e-10
4.18961e+01,2.57920e-10
4.22557e+01,2.48676e-10
4.26183e+01,2.40866e-10
4.29841e+01,2.33104e-10
4.33530e+01,2.25267e-10
4.37251e+01,2.17364e-10
4.41004e+01,2.10629e-10
4.44789e+01,2.03993e-10
4.48606e+01,1.97295e-10
4.52456e+01,1.90522e-10
4.56339e+01,1.84688e-10
4.60256e+01,1.79018e-10
4.64206e+01,1.73287e-10
4.68190e+01,1.67507e-10
4.72209e+01,1.62403e-10
4.76261e+01,1.57558e-10
4.80349e+01,1.52671e-10
4.84471e+01,1.47729e-10
4.88630e+01,1.43234e-10
4.92823e+01,1.39103e-10
4.97053e+01,1.34922e-10
5.01319e+01,1.30700e-10
5.05621e+01,1.26723e-10
5.09961e+01,1.23190e-10
5.14338e+01,1.19621e-10
5.18752e+01,1.16021e-10
5.23204e+01,1.12474e-10
5.27695e+01,1.09454e-10
5.32224e+01,1.06408e-10
5.36792e+01,1.03330e-10
5.41399e+01,1.00217e-10
5.46045e+01,9.75718e-11
5.50732e+01,9.49681e-11
5.55458e+01,9.23322e-11
5.60226e+01,8.96737e-11
5.65034e+01,8.72723e-11
5.69883e+01,8.50380e-11
5.74774e+01,8.27842e-11
5.79707e+01,8.05111e-11
5.84683e+01,7.83169e-11
5.89701e+01,7.64025e-11
5.94762e+01,7.44717e-11
5.99867e+01,7.25221e-11
6.05015e+01,7.05506e-11
6.10207e+01,4.05608e-10
6.15445e+01,4.03951e-10
6.20727e+01,4.04454e-10
6.26054e+01,4.22079e-10
6.31427e+01,4.46860e-10
6.36847e+01,4.80323e-10
6.42312e+01,5.24113e-10
6.47825e+01,5.80416e-10
6.53385e+01,6.51793e-10
6.58993e+01,7.42112e-10
6.64649e+01,8.54297e-10
6.70353e+01,9.94327e-10
6.76106e+01,1.16765e-09
6.81909e+01,1.38149e-09
6.87762e+01,1.64299e-09
6.93664e+01,1.96514e-09
6.99618e+01,2.35506e-09
7.05622e+01,2.84198e-09
7.11678e+01,3.43323e-09
7.17786e+01,4.14818e-09
7.23947e+01,4.94808e-09
7.30160e+01,5.80804e-09
7.36427e+01,6.70161e-09
7.42747e+01,7.58448e-09
7.49122e+01,8.38312e-09
7.55551e+01,9.00971e-09
7.62036e+01,9.38099e-09
7.68576e+01,9.40783e-09
7.75172e+01,9.12413e-09
7.81825e+01,8.61516e-09
7.88535e+01,7.96908e-09
7.95303e+01,7.27119e-09
8.02129e+01,6.57992e-09
8.09013e+01,5.92726e-09
8.15957e+01,5.33607e-09
8.22960e+01,4.79451e-09
8.30023e+01,4.30040e-09
8.37146e+01,3.85433e-09
8.44331e+01,3.48250e-09
8.51578e+01,3.14589e-09
8.58886e+01,2.84079e-09
8.66258e+01,2.58509e-09
8.73693e+01,2.35013e-09
8.81191e+01,2.13511e-09
8.88754e+01,1.95367e-09
8.96382e+01,1.78283e-09
9.04075e+01,1.63310e-09
9.11834e+01,1.49816e-09
9.19660e+01,1.37245e-09
9.27553e+01,1.26435e-09
9.35514e+01,1.15967e-09
9.43543e+01,1.07090e-09
9.51641e+01,9.85025e-10
9.59809e+01,9.09865e-10
9.68046e+01,8.38531e-10
9.76355e+01,7.74980e-10
9.84734e+01,7.15285e-10
9.93186e+01,6.61710e-10
1.00171e+02,6.11244e-10
1.01031e+02,5.65837e-10
1.01898e+02,5.22662e-10
1.02772e+02,4.84259e-10
1.03654e+02,4.47017e-10
1.04544e+02,4.14686e-10
1.05441e+02,3.82401e-10
1.06346e+02,3.55190e-10
1.07259e+02,3.27746e-10
1.08180e+02,3.04124e-10
1.09108e+02,2.81183e-10
1.10044e+02,2.60313e-10
1.10989e+02,2.41198e-10
1.11941e+02,2.22616e-10
1.12902e+02,2.06751e-10
1.13871e+02,1.90762e-10
1.14848e+02,1.77109e-10
1.15834e+02,1.63975e-10
1.16828e+02,1.51611e-10
1.17831e+02,1.40869e-10
1.18842e+02,1.30052e-10
1.19862e+02,1.20978e-10
1.20891e+02,1.12236e-10
1.21929e+02,1.03881e-10
1.22975e+02,9.68805e-11
1.24030e+02,8.98381e-11
1.25095e+02,8.37139e-11
1.26169e+02,7.81598e-11
1.27251e+02,7.25580e-11
1.28344e+02,6.81328e-11
1.29445e+02,6.37916e-11
1.30556e+02,5.96098e-11
1.31677e+02,5.63065e-11
1.32807e+02,5.29748e-11
1.33947e+02,4.99459e-11
1.35096e+02,4.74815e-11
1.36256e+02,4.49985e-11
1.37425e+02,4.28596e-11
1.38604e+02,4.10704e-11
1.39794e+02,3.92713e-11
1.40994e+02,7.11876e-11
1.42204e+02,6.94481e-11
1.43424e+02,6.76786e-11
1.44655e+02,6.61653e-11
1.45897e+02,6.48358e-11
1.47149e+02,6.35078e-11
1.48412e+02,6.23772e-11
1.49686e+02,6.14047e-11
1.50970e+02,6.04397e-11
1.52266e+02,5.96131e-11
1.53573e+02,5.89404e-11
1.54891e+02,5.82808e-11
1.56220e+02,5.76913e-11
1.57561e+02,5.72439e-11
1.58913e+02,5.68186e-11
1.60277e+02,5.64233e-11
1.61653e+02,5.61460e-11
1.63040e+02,5.58861e-11
1.64440e+02,5.56439e-11
1.65851e+02,5.54779e-11
1.67274e+02,5.53367e-11
1.68710e+02,5.52090e-11
1.70158e+02,5.51137e-11
1.71618e+02,5.50457e-11
1.73091e+02,5.49979e-11
1.74577e+02,5.49606e-11
1.76075e+02,5.49281e-11
1.77586e+02,5.49106e-11
1.79110e+02,5.49026e-11
1.80648e+02,5.48897e-11
1.82198e+02,5.48797e-11
1.83762e+02,5.48808e-11
1.85339e+02,5.48797e-11
1.86930e+02,5.48534e-11
1.88534e+02,5.48407e-11
1.90152e+02,5.48372e-11
1.91784e+02,5.47997e-11
1.93430e+02,5.47529e-11
1.95090e+02,5.47131e-11
1.96765e+02,5.46746e-11
1.98453e+02,5.45878e-11
2.00157e+02,6.13091e-11
2.01874e+02,6.12484e-11
2.03607e+02,6.11283e-11
2.05354e+02,6.09603e-11
2.07117e+02,6.07806e-11
2.08895e+02,6.05960e-11
2.10687e+02,6.03513e-11
2.12496e+02,6.00970e-11
2.14319e+02,5.98516e-11
2.16159e+02,5.95986e-11
2.18014e+02,5.92955e-11
2.19885e+02,5.89925e-11
2.21772e+02,5.86932e-11
2.23676e+02,5.83785e-11
2.25595e+02,5.80330e-11
2.27532e+02,5.76880e-11
2.29484e+02,5.73443e-11
2.31454e+02,5.69719e-11
2.33440e+02,5.65841e-11
2.35444e+02,5.61982e-11
2.37465e+02,5.58139e-11
2.39503e+02,5.53964e-11
2.41558e+02,5.49683e-11
2.43631e+02,5.45443e-11
2.45722e+02,5.41247e-11
2.47831e+02,5.36720e-11
2.49958e+02,5.32130e-11
2.52104e+02,5.27534e-11
2.54267e+02,5.22998e-11
2.56450e+02,5.18202e-11
2.58651e+02,5.13332e-11
2.60870e+02,5.08485e-11
2.63109e+02,5.03614e-11
2.65368e+02,4.98604e-11
2.67645e+02,4.93549e-11
2.69942e+02,4.88471e-11
2.72259e+02,4.83409e-11
2.74596e+02,4.78190e-11
2.76952e+02,4.72988e-11
2.79329e+02,4.67773e-11
2.81727e+02,4.62532e-11
2.84145e+02,4.57235e-11
2.86583e+02,4.51884e-11
2.89043e+02,4.46567e-11
2.91524e+02,4.41251e-11
2.94026e+02,4.35874e-11
2.96549e+02,4.30489e-11
2.99094e+02,4.25098e-11
3.01661e+02,4.19716e-11
3.04250e+02,4.14355e-11
3.06862e+02,4.08977e-11
3.09495e+02,4.03566e-11
3.12152e+02,3.98197e-11
3.14831e+02,3.92844e-11
3.17533e+02,3.87509e-11
3.20258e+02,3.82200e-11
3.23007e+02,3.76852e-11
3.25779e+02,3.71512e-11
3.28575e+02,3.66302e-11
3.31395e+02,3.61065e-11
3.34239e+02,3.55807e-11
3.37108e+02,3.50571e-11
3.40001e+02,3.45425e-11
3.42919e+02,3.40305e-11
3.45862e+02,3.35219e-11
3.48830e+02,3.30095e-11
3.51824e+02,3.25032e-11
3.54844e+02,3.20087e-11
3.57889e+02,3.15143e-11
3.60961e+02,3.10164e-11
3.64059e+02,3.05255e-11
3.67184e+02,3.00468e-11
3.70335e+02,2.95660e-11
3.73513e+02,2.90890e-11
3.76719e+02,2.86113e-11
3.79952e+02,2.81484e-11
3.83213e+02,2.76883e-11
3.86502e+02,2.72308e-11
3.89819e+02,2.67723e-11
3.93165e+02,2.63204e-11
3.96539e+02,2.58856e-11
3.99943e+02,2.54477e-11
4.03375e+02,2.50075e-11
4.06837e+02,2.45712e-11
4.10329e+02,2.41563e-11
4.13851e+02,2.37392e-11
4.17402e+02,2.33213e-11
4.20985e+02,2.29062e-11
4.24598e+02,2.25031e-11
4.28242e+02,2.21080e-11
4.31918e+02,2.17150e-11
4.35624e+02,2.13229e-11
4.39363e+02,2.09298e-11
4.43134e+02,2.05569e-11
4.46937e+02,2.01893e-11
4.50773e+02,1.98186e-11
4.54642e+02,1.94459e-11
4.58544e+02,1.90884e-11
4.62479e+02,1.87408e-11
4.66449e+02,1.83922e-11
4.70452e+02,1.80418e-11
4.74490e+02,1.76955e-11
4.78562e+02,1.73696e-11
4.82669e+02,1.70420e-11
4.86812e+02,1.67142e-11
4.90990e+02,1.63892e-11
4.95204e+02,1.60730e-11
4.99454e+02,1.57664e-11
5.03741e+02,1.54610e-11
5.08064e+02,1.51586e-11
5.12425e+02,1.48537e-11
5.16822e+02,1.45650e-11
5.21258e+02,1.42832e-11
5.25732e+02,1.40009e-11
5.30244e+02,1.37171e-11
5.34795e+02,1.34378e-11
5.39385e+02,1.31763e-11
5.44014e+02,1.29137e-11
5.48683e+02,1.26497e-11
5.53392e+02,1.23849e-11
5.58142e+02,1.21362e-11
5.62932e+02,1.18934e-11
5.67763e+02,1.16503e-11
5.72636e+02,1.14055e-11
5.77551e+02,1.11646e-11
5.82508e+02,1.09410e-11
5.87507e+02,1.07165e-11
5.92550e+02,1.04911e-11
5.97635e+02,1.02691e-11
6.02764e+02,1.00513e-11
6.07938e+02,9.84464e-12
6.13155e+02,9.63682e-12
6.18418e+02,9.43356e-12
6.23725e+02,9.22863e-12
6.29079e+02,9.03166e-12
6.34478e+02,8.84135e-12
6.39923e+02,8.65513e-12
6.45415e+02,8.46764e-12
6.50955e+02,8.27855e-12
6.56541e+02,8.10193e-12
6.62176e+02,9.52161e-12
6.67859e+02,1.98131e-11
6.73591e+02,9.06527e-11
6.79372e+02,1.12174e-10
6.85203e+02,8.85908e-11
6.91084e+02,6.74469e-11
6.97015e+02,6.08183e-11
7.02997e+02,5.61936e-11
7.09031e+02,5.13214e-11
7.15116e+02,4.81344e-11
7.21254e+02,4.61681e-11
7.27444e+02,4.43784e-11
7.33687e+02,4.26826e-11
7.39984e+02,4.11857e-11
7.46335e+02,3.98548e-11
7.52741e+02,3.86029e-11
7.59201e+02,3.73807e-11
7.65717e+02,3.62080e-11
7.72289e+02,3.50899e-11
7.78917e+02,3.40189e-11
7.85602e+02,3.29879e-11
7.92345e+02,3.19912e-11
7.99145e+02,3.10256e-11
8.06004e+02,3.00995e-11
8.12921e+02,2.92024e-11
8.19898e+02,2.83346e-11
8.26935e+02,2.74938e-11
8.34032e+02,2.66782e-11
8.41190e+02,2.58940e-11
8.48410e+02,2.51331e-11
8.55692e+02,2.43960e-11
8.63036e+02,2.36787e-11
8.70443e+02,2.29869e-11
8.77913e+02,2.23218e-11
8.85448e+02,2.16764e-11
8.93047e+02,2.10461e-11
9.00712e+02,2.04346e-11
9.08442e+02,1.98462e-11
9.16239e+02,1.92761e-11
9.24103e+02,1.87196e-11
9.32034e+02,2.15427e-11
9.40033e+02,2.14798e-11
9.48101e+02,2.09393e-11
9.56238e+02,2.03981e-11
9.64445e+02,1.98601e-11
9.72723e+02,1.93370e-11
9.81071e+02,1.88243e-11
9.89491e+02,1.83235e-11
9.97984e+02,1.78426e-11
1.00655e+03,1.73635e-11
1.01519e+03,1.69032e-11
1.02390e+03,1.64464e-11
1.03269e+03,1.60102e-11
1.04155e+03,1.55818e-11
1.05049e+03,1.51651e-11
1.05951e+03,1.47562e-11
1.06860e+03,1.43586e-11
1.07777e+03,1.39742e-11
1.08702e+03,1.36002e-11
1.09635e+03,1.32335e-11
1.10576e+03,1.34781e-11
1.11525e+03,1.31155e-11
1.12482e+03,1.27667e-11
1.13448e+03,1.24222e-11
1.14421e+03,1.20922e-11
1.15403e+03,1.17625e-11
1.16394e+03,1.14507e-11
1.17393e+03,1.11429e-11
1.18400e+03,1.08471e-11
1.19416e+03,1.05551e-11
1.20441e+03,1.02705e-11
1.21475e+03,9.99537e-12
1.22518e+03,9.72369e-12
1.23569e+03,9.46694e-12
1.24630e+03,9.20973e-12
1.25699e+03,8.96214e-12
1.26778e+03,8.72053e-12
1.27866e+03,8.48243e-12
1.28964e+03,8.25696e-12
1.30070e+03,8.03184e-12
1.31187e+03,7.81405e-12
1.32313e+03,7.60247e-12
1.33448e+03,7.39333e-12
1.34594e+03,7.19573e-12
1.35749e+03,7.00021e-12
1.36914e+03,6.80746e-12
1.38089e+03,6.62328e-12
1.39274e+03,6.44153e-12
1.40469e+03,6.26548e-12
1.41675e+03,6.09623e-12
1.42891e+03,5.92638e-12
1.44117e+03,5.76470e-12
1.45354e+03,5.60764e-12
1.46602e+03,5.45088e-12
1.47860e+03,5.30393e-12
1.49129e+03,5.15757e-12
1.50409e+03,5.01136e-12
1.51700e+03,4.87610e-12
1.53002e+03,4.74211e-12
1.54315e+03,4.60815e-12
1.55639e+03,4.48310e-12
1.56975e+03,4.35777e-12
1.58322e+03,4.23433e-12
1.59681e+03,4.12014e-12
1.61052e+03,4.00579e-12
1.62434e+03,3.89154e-12
1.63828e+03,3.78424e-12
1.65234e+03,3.67978e-12
1.66652e+03,3.57512e-12
1.68082e+03,3.47714e-12
1.69525e+03,3.37996e-12
1.70980e+03,3.28290e-12
1.72447e+03,3.19201e-12
1.73927e+03,3.10356e-12
1.75420e+03,3.01582e-12
1.76926e+03,2.92992e-12
1.78444e+03,2.84831e-12
1.79976e+03,2.76823e-12
1.81520e+03,2.68859e-12
1.83078e+03,2.61484e-12
1.84650e+03,2.54060e-12
1.86234e+03,2.46678e-12
1.87833e+03,2.39841e-12
1.89445e+03,2.33111e-12
1.91071e+03,2.26459e-12
1.92711e+03,2.19947e-12
1.94365e+03,2.13748e-12
1.96033e+03,2.07734e-12
1.97715e+03,2.01681e-12
1.99412e+03,1.96058e-12
2.01123e+03,1.90511e-12
2.02850e+03,1.84939e-12
2.04591e+03,1.79674e-12
2.06347e+03,1.74664e-12
2.08118e+03,1.69632e-12
2.09904e+03,1.64669e-12
2.11705e+03,1.60012e-12
2.13522e+03,1.55465e-12
2.15355e+03,1.50999e-12
2.17203e+03,1.46596e-12
2.19067e+03,1.42432e-12
2.20947e+03,1.38357e-12
2.22844e+03,1.34323e-12
2.24756e+03,1.30445e-12
2.26685e+03,1.26776e-12
2.28631e+03,1.23098e-12
2.30593e+03,1.19409e-12
2.32572e+03,1.16063e-12
2.34568e+03,1.12763e-12
2.36581e+03,1.09444e-12
2.38612e+03,1.06207e-12
2.40660e+03,1.03210e-12
2.42725e+03,1.00225e-12
2.44808e+03,9.72884e-13
2.46909e+03,9.44446e-13
2.49029e+03,9.17428e-13
2.51166e+03,8.90654e-13
2.53322e+03,8.64504e-13
2.55496e+03,8.39324e-13
2.57688e+03,8.15096e-13
2.59900e+03,7.91391e-13
2.62131e+03,7.67846e-13
2.64380e+03,7.45366e-13
2.66650e+03,7.24118e-13
2.68938e+03,7.03149e-13
2.71246e+03,6.82074e-13
2.73574e+03,6.62046e-13
2.75922e+03,6.43124e-13
2.78290e+03,6.24343e-13
2.80679e+03,6.05440e-13
2.83088e+03,5.87769e-13
2.85517e+03,5.70923e-13
2.87968e+03,5.53977e-13
2.90439e+03,5.37213e-13
2.92932e+03,5.21810e-13
2.95446e+03,5.06711e-13
2.97982e+03,4.91660e-13
3.00539e+03,4.76871e-13
3.03119e+03,4.63041e-13
3.05720e+03,4.49569e-13
3.08344e+03,4.36034e-13
3.10990e+03,4.23120e-13
3.13660e+03,4.10609e-13
3.16352e+03,3.98659e-13
3.19067e+03,3.86867e-13
3.21805e+03,3.75325e-13
3.24567e+03,3.64114e-13
3.27353e+03,3.53441e-13
3.30162e+03,3.43089e-13
3.32996e+03,3.32896e-13
3.35854e+03,3.22758e-13
3.38736e+03,3.13328e-13
3.41643e+03,3.04165e-13
3.44576e+03,2.95112e-13
3.47533e+03,2.86088e-13
3.50516e+03,2.77634e-13
3.53524e+03,2.69608e-13
3.56558e+03,2.61549e-13
3.59618e+03,2.53570e-13
3.62705e+03,2.46016e-13
3.65818e+03,2.38875e-13
3.68957e+03,2.31790e-13
3.72124e+03,2.24706e-13
3.75318e+03,2.17894e-13
3.78539e+03,2.11617e-13
3.81788e+03,2.05337e-13
3.85064e+03,1.99094e-13
3.88369e+03,1.92941e-13
3.91702e+03,1.87374e-13
3.95064e+03,1.81880e-13
3.98455e+03,1.76338e-13
4.01875e+03,1.70886e-13
4.05324e+03,1.65900e-13
4.08803e+03,1.61033e-13
4.12311e+03,1.56179e-13
4.15850e+03,1.51344e-13
4.19419e+03,1.46852e-13
4.23019e+03,1.42563e-13
4.26649e+03,1.38260e-13
4.30311e+03,1.34004e-13
4.34004e+03,1.29935e-13
4.37729e+03,1.26161e-13
4.41486e+03,1.22380e-13
4.45275e+03,1.18598e-13
4.49096e+03,1.15041e-13
4.52951e+03,1.11603e-13
4.56838e+03,1.08282e-13
4.60759e+03,1.04949e-13
4.64714e+03,1.01805e-13
4.68702e+03,9.87005e-14
4.72725e+03,9.57729e-14
4.76782e+03,9.28478e-14
4.80874e+03,9.00653e-14
4.85001e+03,8.73342e-14
4.89164e+03,8.46926e-14
4.93362e+03,3.82526e-13
4.97596e+03,3.70625e-13
5.01867e+03,3.57343e-13
5.06174e+03,3.44329e-13
5.10518e+03,3.32353e-13
5.14900e+03,3.21072e-13
5.19319e+03,3.10479e-13
5.23776e+03,3.00309e-13
5.28272e+03,2.90553e-13
5.32805e+03,2.81152e-13
5.37378e+03,2.72128e-13
5.41990e+03,3.03869e-13
5.46642e+03,2.93919e-13
5.51334e+03,2.84639e-13
5.56066e+03,2.75794e-13
5.60838e+03,2.67266e-13
5.65651e+03,2.58988e-13
5.70506e+03,2.50938e-13
5.75403e+03,2.43229e-13
5.80341e+03,2.35785e-13
5.85322e+03,2.28513e-13
5.90345e+03,2.21423e-13
5.95412e+03,2.14592e-13
6.00522e+03,2.08041e-13
6.05676e+03,2.01661e-13
6.10874e+03,1.95442e-13
6.16117e+03,1.89387e-13
6.21405e+03,1.83610e-13
6.26738e+03,1.78025e-13
6.32117e+03,1.72569e-13
6.37543e+03,1.67252e-13
6.43014e+03,1.62096e-13
6.48533e+03,1.57171e-13
6.54099e+03,1.52374e-13
6.59713e+03,1.47707e-13
6.65375e+03,1.43156e-13
6.71086e+03,1.38758e-13
6.76845e+03,1.34547e-13
6.82654e+03,1.30444e-13
6.88513e+03,1.26421e-13
6.94423e+03,1.22514e-13
7.00382e+03,1.18803e-13
7.06394e+03,1.15155e-13
7.12456e+03,1.11633e-13
7.18571e+03,1.08195e-13
7.24738e+03,1.04845e-13
7.30958e+03,1.01669e-13
7.37232e+03,9.85275e-14
7.43559e+03,9.55210e-14
7.49941e+03,9.25556e-14
7.56377e+03,8.97170e-14
7.62869e+03,8.69695e-14
7.69416e+03,8.42844e-14
7.76020e+03,8.16889e-14
7.82680e+03,7.91473e-14
7.89397e+03,7.67299e-14
7.96172e+03,7.43481e-14
8.03006e+03,7.20683e-14
8.09897e+03,6.98159e-14
8.16848e+03,6.76709e-14
8.23859e+03,6.55767e-14
8.30930e+03,6.35539e-14
8.38061e+03,6.15805e-14
8.45254e+03,5.96568e-14
8.52509e+03,5.78204e-14
8.59825e+03,5.60139e-14
8.67205e+03,5.42950e-14
8.74648e+03,5.25717e-14
8.82154e+03,5.09617e-14
8.89725e+03,4.93665e-14
8.97362e+03,4.78427e-14
9.05063e+03,4.63538e-14
9.12831e+03,4.48879e-14
9.20665e+03,4.35078e-14
9.28567e+03,4.21347e-14
9.36537e+03,4.08402e-14
9.44574e+03,3.95583e-14
9.52681e+03,3.83046e-14
9.60858e+03,3.71217e-14
9.69104e+03,3.59520e-14
9.77422e+03,3.48419e-14
9.85811e+03,3.37513e-14
9.94271e+03,3.26728e-14
1.00280e+04,3.16684e-14
1.01141e+04,3.06744e-14
1.02009e+04,2.97101e-14
1.02885e+04,2.87863e-14
1.03768e+04,2.78662e-14
1.04658e+04,2.69995e-14
1.05557e+04,2.61613e-14
1.06462e+04,2.53192e-14
1.07376e+04,2.45367e-14
1.08298e+04,2.37645e-14
1.09227e+04,2.29984e-14
1.10165e+04,2.22972e-14
1.11110e+04,2.15911e-14
1.12064e+04,2.08954e-14
1.13026e+04,2.02526e-14
1.13996e+04,1.96069e-14
1.14974e+04,1.89853e-14
1.15961e+04,1.83976e-14
1.16956e+04,1.78080e-14
1.17960e+04,1.72402e-14
1.18972e+04,1.67056e-14
1.19993e+04,1.61761e-14
1.21023e+04,1.56555e-14
1.22062e+04,1.51692e-14
1.23109e+04,1.46873e-14
1.24166e+04,1.42113e-14
1.25232e+04,1.37731e-14
1.26306e+04,1.33357e-14
1.27391e+04,1.29047e-14
1.28484e+04,1.25004e-14
1.29587e+04,1.21064e-14
1.30699e+04,1.17181e-14
1.31821e+04,1.13445e-14
1.32952e+04,1.09887e-14
1.34093e+04,1.06381e-14
1.35244e+04,1.02943e-14
1.36405e+04,9.97229e-15
1.37575e+04,9.65504e-15
1.38756e+04,9.34001e-15
1.39947e+04,9.04712e-15
1.41148e+04,8.76330e-15
1.42359e+04,8.47902e-15
1.43581e+04,8.20487e-15
1.44813e+04,7.95011e-15
1.46056e+04,7.69610e-15
1.47310e+04,7.44190e-15
1.48574e+04,7.21002e-15
1.49849e+04,6.98108e-15
1.51135e+04,6.75401e-15
1.52433e+04,6.53718e-15
1.53741e+04,6.33320e-15
1.55060e+04,6.12857e-15
1.56391e+04,5.92392e-15
1.57733e+04,5.74107e-15
1.59087e+04,5.56015e-15
1.60452e+04,5.37797e-15
1.61830e+04,5.20197e-15
1.63218e+04,5.03966e-15
1.64619e+04,4.87846e-15
1.66032e+04,4.71722e-15
1.67457e+04,4.56815e-15
1.68894e+04,4.42356e-15
1.70344e+04,4.27929e-15
1.71806e+04,4.13716e-15
1.73280e+04,4.01008e-15
1.74768e+04,3.88212e-15
1.76268e+04,3.75348e-15
1.77780e+04,3.63029e-15
1.79306e+04,3.51778e-15
1.80845e+04,3.40510e-15
1.82397e+04,3.29152e-15
1.83963e+04,3.18525e-15
1.85542e+04,3.08467e-15
1.87134e+04,2.98510e-15
1.88740e+04,2.88630e-15
1.90360e+04,2.79416e-15
1.91994e+04,2.70501e-15
1.93642e+04,2.61607e-15
1.95303e+04,2.52984e-15
1.96980e+04,2.45002e-15
1.98670e+04,2.37183e-15
2.00375e+04,2.29322e-15
2.02095e+04,2.21697e-15
2.03830e+04,2.14723e-15
2.05579e+04,2.07889e-15
2.07343e+04,2.00997e-15
2.09123e+04,1.94319e-15
2.10918e+04,1.88126e-15
2.12728e+04,1.82137e-15
2.14554e+04,1.76140e-15
2.16395e+04,1.70343e-15
2.18252e+04,1.64881e-15
2.20125e+04,1.59547e-15
2.22015e+04,1.54293e-15
2.23920e+04,1.49243e-15
2.25842e+04,1.44452e-15
2.27780e+04,1.39770e-15
2.29735e+04,1.35118e-15
2.31707e+04,1.30701e-15
2.33696e+04,1.26506e-15
2.35701e+04,1.22433e-15
2.37724e+04,1.18351e-15
2.39764e+04,1.14445e-15
2.41822e+04,1.10725e-15
2.43898e+04,1.07192e-15
2.45991e+04,1.03636e-15
2.48102e+04,1.00224e-15
2.50232e+04,9.68909e-16
2.52379e+04,9.38000e-16
2.54545e+04,9.07136e-16
2.56730e+04,8.77512e-16
2.58933e+04,8.47903e-16
2.61156e+04,8.20663e-16
2.63397e+04,7.93707e-16
2.65658e+04,7.67934e-16
2.67938e+04,7.42242e-16
2.70237e+04,7.18140e-16
2.72557e+04,6.94467e-16
2.74896e+04,6.71856e-16
2.77255e+04,6.49701e-16
2.79635e+04,6.28358e-16
2.82035e+04,6.07730e-16
2.84455e+04,5.87587e-16
2.86897e+04,5.68320e-16
2.89359e+04,5.49356e-16
2.91842e+04,5.31597e-16
2.94347e+04,5.13894e-16
2.96873e+04,4.96984e-16
2.99421e+04,4.80274e-16
3.01991e+04,4.64705e-16
3.04583e+04,4.49306e-16
3.07197e+04,4.34622e-16
3.09834e+04,4.19980e-16
3.12493e+04,4.06067e-16
3.15175e+04,3.92758e-16
3.17880e+04,3.79912e-16
3.20608e+04,3.67295e-16
3.23360e+04,3.54678e-16
3.26135e+04,3.43184e-16
3.28934e+04,3.31850e-16
3.31757e+04,3.21041e-16
3.34604e+04,3.10155e-16
3.37476e+04,2.99744e-16
3.40373e+04,2.89820e-16
3.43294e+04,2.80448e-16
3.46240e+04,2.71125e-16
3.49212e+04,2.61844e-16
3.52209e+04,1.80994e-15
3.55232e+04,1.74987e-15
3.58281e+04,1.69040e-15
3.61356e+04,1.63375e-15
3.64457e+04,1.58016e-15
3.67585e+04,1.52902e-15
3.70740e+04,1.48031e-15
3.73922e+04,1.43323e-15
3.77131e+04,1.38740e-15
3.80368e+04,1.34340e-15
3.83632e+04,1.30055e-15
3.86925e+04,1.25917e-15
3.90245e+04,1.21884e-15
3.93595e+04,1.17972e-15
3.96973e+04,1.14186e-15
4.00380e+04,1.10526e-15
4.03816e+04,1.06980e-15
4.07282e+04,1.03521e-15
4.10777e+04,1.00195e-15
4.14303e+04,9.69766e-16
4.17859e+04,9.38552e-16
4.21445e+04,9.08209e-16
4.25062e+04,8.78809e-16
4.28710e+04,8.50400e-16
4.32390e+04,8.23051e-16
4.36101e+04,7.96412e-16
4.39843e+04,7.70489e-16
4.43618e+04,7.45580e-16
4.47426e+04,7.21498e-16
4.51266e+04,6.98200e-16
4.55139e+04,6.75506e-16
4.59045e+04,6.53406e-16
4.62985e+04,6.32115e-16
4.66959e+04,6.11623e-16
4.70966e+04,5.91811e-16
4.75008e+04,5.72463e-16
4.79085e+04,5.53616e-16
4.83197e+04,5.35580e-16
4.87344e+04,5.18233e-16
4.91527e+04,5.01213e-16
4.95745e+04,4.84715e-16
5.00000e+04,4.68852e-16
