1.20101e+01,8.31787e-09
1.24876e+01,4.42956e-08
1.29842e+01,5.03680e-08
1.35004e+01,5.16204e-08
1.40372e+01,4.70495e-08
1.45954e+01,4.39337e-08
1.51757e+01,4.17612e-08
1.57791e+01,3.68432e-08
1.64065e+01,3.02417e-08
1.70589e+01,2.73567e-08
1.77372e+01,2.45820e-08
1.84424e+01,2.14187e-08
1.91757e+01,1.81613e-08
1.99382e+01,1.63770e-08
2.07310e+01,1.47027e-08
2.15553e+01,1.24027e-08
2.24124e+01,1.00921e-08
2.33035e+01,8.74278e-09
2.42301e+01,7.46275e-09
2.51935e+01,5.63518e-09
2.61953e+01,4.42055e-09
2.72368e+01,3.53701e-09
2.83198e+01,2.91251e-09
2.94458e+01,2.34636e-09
3.06167e+01,1.91971e-09
3.18340e+01,1.50316e-09
3.30998e+01,1.15203e-09
3.44159e+01,9.02323e-10
3.57843e+01,6.40103e-10
3.72072e+01,5.68250e-10
3.86866e+01,4.99144e-10
4.02248e+01,4.38489e-10
4.18242e+01,3.91354e-10
4.34872e+01,3.49733e-10
4.52164e+01,3.21329e-10
4.70142e+01,2.94011e-10
4.88836e+01,2.71330e-10
5.08273e+01,2.55185e-10
5.28483e+01,2.40508e-10
5.49496e+01,2.28397e-10
5.71345e+01,2.22282e-10
5.94063e+01,2.24665e-10
6.17684e+01,2.40436e-10
6.42244e+01,3.79256e-10
6.67780e+01,4.86161e-10
6.94332e+01,6.12144e-10
7.21940e+01,8.74204e-10
7.50646e+01,1.18773e-09
7.80493e+01,1.56068e-09
8.11526e+01,1.93404e-09
8.43794e+01,2.25325e-09
8.77344e+01,2.50322e-09
9.12229e+01,2.59258e-09
9.48501e+01,2.65835e-09
9.86215e+01,2.54368e-09
1.02543e+02,2.20080e-09
1.06620e+02,1.87194e-09
1.10859e+02,1.56150e-09
1.15267e+02,1.26293e-09
1.19851e+02,9.34553e-10
1.24616e+02,6.40096e-10
1.29571e+02,4.86540e-10
1.34723e+02,3.16795e-10
1.40080e+02,2.37708e-10
1.45650e+02,1.39901e-10
1.51441e+02,9.26268e-11
1.57462e+02,7.91707e-11
1.63723e+02,6.62291e-11
1.70233e+02,5.61957e-11
1.77002e+02,5.16156e-11
1.84040e+02,4.72106e-11
1.91358e+02,4.56025e-11
1.98966e+02,4.70437e-11
2.06878e+02,4.82790e-11
2.15103e+02,4.88798e-11
2.23656e+02,4.94576e-11
2.32549e+02,5.03123e-11
2.41796e+02,5.13664e-11
2.51410e+02,5.25279e-11
2.61406e+02,5.39922e-11
2.71800e+02,5.35510e-11
2.82608e+02,5.19047e-11
2.93845e+02,5.03213e-11
3.05528e+02,4.74311e-11
3.17677e+02,4.45736e-11
3.30308e+02,4.08615e-11
3.43442e+02,3.71322e-11
3.57097e+02,3.44297e-11
3.71296e+02,3.21029e-11
3.86060e+02,2.95589e-11
4.01410e+02,2.67874e-11
4.17371e+02,2.42412e-11
4.33966e+02,2.22791e-11
4.51221e+02,2.08744e-11
4.69162e+02,1.96249e-11
4.87817e+02,1.77184e-11
5.07213e+02,1.59203e-11
5.27381e+02,1.47745e-11
5.48351e+02,1.36724e-11
5.70154e+02,1.23332e-11
5.92824e+02,1.08501e-11
6.16396e+02,9.64921e-12
6.40905e+02,9.03023e-12
6.66388e+02,4.02371e-11
6.92885e+02,4.71420e-11
7.20435e+02,4.06498e-11
7.49081e+02,3.51865e-11
7.78866e+02,3.07337e-11
8.09835e+02,2.67386e-11
8.42035e+02,2.31024e-11
8.75516e+02,1.97754e-11
9.10328e+02,1.82546e-11
9.46524e+02,1.67919e-11
9.84159e+02,1.53852e-11
1.02329e+03,1.40421e-11
1.06398e+03,1.28434e-11
1.10628e+03,1.16905e-11
1.15027e+03,1.05817e-11
1.19601e+03,9.52488e-12
1.24356e+03,8.59898e-12
1.29301e+03,7.70849e-12
1.34442e+03,6.85205e-12
1.39788e+03,6.03097e-12
1.45346e+03,5.24173e-12
1.51125e+03,4.60769e-12
1.57134e+03,4.03692e-12
1.63382e+03,3.59598e-12
1.69878e+03,3.17191e-12
1.76633e+03,2.76406e-12
1.83656e+03,2.44050e-12
1.90959e+03,2.17554e-12
1.98552e+03,1.92071e-12
2.06446e+03,1.67562e-12
2.14655e+03,1.44425e-12
2.23190e+03,1.22894e-12
2.32064e+03,1.09684e-12
2.41292e+03,9.69784e-13
2.50886e+03,8.46377e-13
2.60862e+03,7.27317e-13
2.71234e+03,6.60081e-13
2.82019e+03,6.03661e-13
2.93232e+03,5.17868e-13
3.04891e+03,4.42819e-13
3.17014e+03,3.84080e-13
3.29619e+03,3.40583e-13
3.42726e+03,3.08141e-13
3.56353e+03,2.80194e-13
3.70522e+03,2.47623e-13
3.85255e+03,2.13212e-13
4.00573e+03,1.84657e-13
4.16501e+03,1.59600e-13
4.33061e+03,1.36667e-13
4.50281e+03,1.14399e-13
4.68184e+03,9.24687e-14
4.86800e+03,1.35201e-13
5.06156e+03,1.84410e-13
5.26282e+03,2.07752e-13
5.47208e+03,2.17323e-13
5.68965e+03,2.04720e-13
5.91588e+03,1.96353e-13
6.15111e+03,1.82913e-13
6.39569e+03,1.60765e-13
6.64999e+03,1.34585e-13
6.91441e+03,1.16671e-13
7.18933e+03,1.03026e-13
7.47519e+03,9.08005e-14
7.77242e+03,8.19099e-14
8.08146e+03,7.13186e-14
8.40280e+03,5.80190e-14
8.73691e+03,5.05885e-14
9.08430e+03,4.55997e-14
9.44551e+03,4.03875e-14
9.82107e+03,3.44418e-14
1.02116e+04,2.97758e-14
1.06176e+04,2.59950e-14
1.10398e+04,2.28420e-14
1.14787e+04,1.95178e-14
1.19352e+04,1.70778e-14
1.24097e+04,1.49772e-14
1.29031e+04,1.30239e-14
1.34162e+04,1.12948e-14
1.39496e+04,9.63171e-15
1.45043e+04,8.25842e-15
1.50810e+04,6.94437e-15
1.56807e+04,5.74896e-15
1.63042e+04,5.17656e-15
1.69524e+04,4.62606e-15
1.76265e+04,4.09618e-15
1.83274e+04,3.58522e-15
1.90561e+04,3.09381e-15
1.98138e+04,2.70057e-15
2.06016e+04,2.34758e-15
2.14208e+04,2.05352e-15
2.22725e+04,1.82268e-15
2.31581e+04,1.60068e-15
2.40789e+04,1.31844e-15
2.50363e+04,1.10443e-15
2.60318e+04,9.39715e-16
2.70668e+04,8.14061e-16
2.81431e+04,7.07612e-16
