1.00000e+00,0.00000e+00
1.00501e+00,0.00000e+00
1.01005e+00,0.00000e+00
1.01512e+00,0.00000e+00
1.02021e+00,0.00000e+00
1.02532e+00,0.00000e+00
1.03047e+00,0.00000e+00
1.03563e+00,0.00000e+00
1.04083e+00,0.00000e+00
1.04605e+00,0.00000e+00
1.05129e+00,0.00000e+00
1.05656e+00,0.00000e+00
1.06186e+00,0.00000e+00
1.06719e+00,0.00000e+00
1.07254e+00,0.00000e+00
1.07791e+00,0.00000e+00
1.08332e+00,0.00000e+00
1.08875e+00,0.00000e+00
1.09421e+00,0.00000e+00
1.09970e+00,0.00000e+00
1.10521e+00,0.00000e+00
1.11075e+00,3.41894e-05
1.11632e+00,3.39314e-05
1.12192e+00,3.36721e-05
1.12755e+00,3.34114e-05
1.13320e+00,3.31495e-05
1.13888e+00,3.28863e-05
1.14460e+00,3.26217e-05
1.15033e+00,3.23558e-05
1.15610e+00,3.20886e-05
1.16190e+00,3.18200e-05
1.16773e+00,3.15501e-05
1.17358e+00,3.12788e-05
1.17947e+00,3.10062e-05
1.18538e+00,3.07322e-05
1.19133e+00,3.04569e-05
1.19730e+00,3.01801e-05
1.20330e+00,2.99020e-05
1.20934e+00,2.96225e-05
1.21540e+00,2.93415e-05
1.22150e+00,2.90592e-05
1.22762e+00,2.87754e-05
1.23378e+00,2.84902e-05
1.23996e+00,2.82036e-05
1.24618e+00,2.79156e-05
1.25243e+00,2.76261e-05
1.25871e+00,2.73352e-05
1.26502e+00,2.70428e-05
1.27137e+00,2.67489e-05
1.27774e+00,2.64536e-05
1.28415e+00,2.61567e-05
1.29059e+00,2.58584e-05
1.29706e+00,2.55586e-05
1.30356e+00,2.52573e-05
1.31010e+00,2.49545e-05
1.31667e+00,2.46502e-05
1.32327e+00,2.43443e-05
1.32991e+00,2.40369e-05
1.33657e+00,2.37279e-05
1.34328e+00,2.34175e-05
1.35001e+00,2.31054e-05
1.35678e+00,2.27918e-05
1.36359e+00,2.24766e-05
1.37042e+00,2.21599e-05
1.37730e+00,2.18415e-05
1.38420e+00,2.15216e-05
1.39114e+00,2.12000e-05
1.39812e+00,2.08768e-05
1.40513e+00,2.05521e-05
1.41218e+00,2.02256e-05
1.41926e+00,1.98976e-05
1.42637e+00,1.95679e-05
1.43353e+00,1.92365e-05
1.44071e+00,1.89035e-05
1.44794e+00,1.85689e-05
1.45520e+00,1.82325e-05
1.46250e+00,1.78945e-05
1.46983e+00,1.75547e-05
1.47720e+00,1.72133e-05
1.48461e+00,1.68701e-05
1.49205e+00,1.65252e-05
1.49953e+00,1.61786e-05
1.50705e+00,1.58303e-05
1.51461e+00,1.54802e-05
1.52220e+00,1.51283e-05
1.52984e+00,1.47747e-05
1.53751e+00,1.44193e-05
1.54522e+00,1.40622e-05
1.55297e+00,1.37032e-05
1.56075e+00,1.33425e-05
1.56858e+00,1.29799e-05
1.57645e+00,1.26155e-05
1.58435e+00,1.22493e-05
1.59230e+00,1.18813e-05
1.60028e+00,1.15114e-05
1.60830e+00,1.13038e-05
1.61637e+00,1.12012e-05
1.62447e+00,1.10981e-05
1.63262e+00,1.09945e-05
1.64081e+00,1.08904e-05
1.64903e+00,1.07858e-05
1.65730e+00,1.06806e-05
1.66561e+00,1.05749e-05
1.67397e+00,1.04687e-05
1.68236e+00,1.03619e-05
1.69080e+00,1.02547e-05
1.69927e+00,1.01468e-05
1.70780e+00,1.00385e-05
1.71636e+00,9.92955e-06
1.72497e+00,9.82009e-06
1.73362e+00,9.71008e-06
1.74231e+00,9.59952e-06
1.75105e+00,9.48841e-06
1.75983e+00,9.37674e-06
1.76865e+00,9.26451e-06
1.77752e+00,9.15172e-06
1.78643e+00,9.03836e-06
1.79539e+00,8.92443e-06
1.80439e+00,8.80993e-06
1.81344e+00,8.69486e-06
1.82253e+00,8.57921e-06
1.83167e+00,8.46298e-06
1.84086e+00,8.34617e-06
1.85009e+00,8.22877e-06
1.85937e+00,8.11079e-06
1.86869e+00,7.99221e-06
1.87806e+00,7.87304e-06
1.88748e+00,7.75327e-06
1.89694e+00,7.63290e-06
1.90645e+00,7.51192e-06
1.91601e+00,7.39034e-06
1.92562e+00,7.26815e-06
1.93528e+00,7.14535e-06
1.94498e+00,7.02193e-06
1.95473e+00,6.89789e-06
1.96454e+00,6.77323e-06
1.97439e+00,6.64795e-06
1.98429e+00,6.52203e-06
1.99424e+00,6.39549e-06
2.00424e+00,6.26831e-06
2.01429e+00,6.14049e-06
2.02439e+00,6.01203e-06
2.03454e+00,5.88293e-06
2.04474e+00,5.75318e-06
2.05500e+00,5.62278e-06
2.06530e+00,5.49173e-06
2.07566e+00,5.36002e-06
2.08606e+00,5.22765e-06
2.09652e+00,5.09461e-06
2.10704e+00,5.04142e-06
2.11760e+00,4.99037e-06
2.12822e+00,4.93907e-06
2.13889e+00,4.88752e-06
2.14962e+00,4.83570e-06
2.16040e+00,4.78363e-06
2.17123e+00,4.73129e-06
2.18212e+00,4.67870e-06
2.19306e+00,4.62583e-06
2.20406e+00,4.57271e-06
2.21511e+00,4.51931e-06
2.22622e+00,4.46565e-06
2.23738e+00,4.41172e-06
2.24860e+00,4.35752e-06
2.25988e+00,4.30305e-06
2.27121e+00,4.24831e-06
2.28260e+00,4.19329e-06
2.29404e+00,4.13799e-06
2.30555e+00,4.08242e-06
2.31711e+00,4.02657e-06
2.32873e+00,3.97043e-06
2.34040e+00,3.91402e-06
2.35214e+00,3.85733e-06
2.36393e+00,3.80035e-06
2.37579e+00,3.74308e-06
2.38770e+00,3.68553e-06
2.39967e+00,3.62768e-06
2.41171e+00,3.56955e-06
2.42380e+00,3.51113e-06
2.43595e+00,3.45241e-06
2.44817e+00,3.39340e-06
2.46044e+00,3.33410e-06
2.47278e+00,3.27449e-06
2.48518e+00,3.21459e-06
2.49764e+00,3.15439e-06
2.51017e+00,3.09388e-06
2.52275e+00,3.03307e-06
2.53540e+00,2.97196e-06
2.54812e+00,2.91054e-06
2.56090e+00,2.84881e-06
2.57374e+00,2.78677e-06
2.58664e+00,2.72442e-06
2.59961e+00,2.68615e-06
2.61265e+00,2.65713e-06
2.62575e+00,2.62796e-06
2.63892e+00,2.59864e-06
2.65215e+00,2.56917e-06
2.66545e+00,2.53956e-06
2.67881e+00,2.50980e-06
2.69225e+00,2.47989e-06
2.70575e+00,2.44983e-06
2.71931e+00,2.41962e-06
2.73295e+00,2.38926e-06
2.74665e+00,2.35875e-06
2.76043e+00,2.32808e-06
2.77427e+00,2.29726e-06
2.78818e+00,2.26629e-06
2.80216e+00,2.23516e-06
2.81621e+00,2.20387e-06
2.83034e+00,2.17243e-06
2.84453e+00,2.14082e-06
2.85879e+00,2.10907e-06
2.87313e+00,2.07715e-06
2.88753e+00,2.04507e-06
2.90201e+00,2.01283e-06
2.91657e+00,1.98043e-06
2.93119e+00,1.94786e-06
2.94589e+00,1.91514e-06
2.96066e+00,1.88224e-06
2.97551e+00,1.84919e-06
2.99043e+00,1.81597e-06
3.00542e+00,1.78258e-06
3.02049e+00,1.74902e-06
3.03564e+00,1.71530e-06
3.05086e+00,1.68140e-06
3.06616e+00,1.64734e-06
3.08153e+00,1.61311e-06
3.09699e+00,1.59283e-06
3.11252e+00,1.57472e-06
3.12812e+00,1.55653e-06
3.14381e+00,1.53824e-06
3.15957e+00,1.51986e-06
3.17542e+00,1.50140e-06
3.19134e+00,1.48283e-06
3.20734e+00,1.46418e-06
3.22343e+00,1.44543e-06
3.23959e+00,1.42659e-06
3.25583e+00,1.40765e-06
3.27216e+00,1.38862e-06
3.28857e+00,1.36949e-06
3.30506e+00,1.35026e-06
3.32163e+00,1.33094e-06
3.33829e+00,1.31153e-06
3.35503e+00,1.29201e-06
3.37185e+00,1.27240e-06
3.38876e+00,1.25269e-06
3.40575e+00,1.23288e-06
3.42283e+00,1.21297e-06
3.43999e+00,1.19296e-06
3.45724e+00,1.17285e-06
3.47458e+00,1.15264e-06
3.49200e+00,1.13233e-06
3.50951e+00,1.11192e-06
3.52711e+00,1.09141e-06
3.54480e+00,1.07079e-06
3.56257e+00,1.05007e-06
3.58044e+00,1.03098e-06
3.59839e+00,1.01937e-06
3.61643e+00,1.00771e-06
3.63457e+00,9.95989e-07
3.65279e+00,9.84209e-07
3.67111e+00,9.72370e-07
3.68952e+00,9.60471e-07
3.70802e+00,9.48513e-07
3.72661e+00,9.36495e-07
3.74530e+00,9.24417e-07
3.76408e+00,9.12278e-07
3.78295e+00,9.00078e-07
3.80192e+00,8.87817e-07
3.82099e+00,8.75495e-07
3.84015e+00,8.63110e-07
3.85940e+00,8.50664e-07
3.87876e+00,8.38155e-07
3.89821e+00,8.25584e-07
3.91775e+00,8.12949e-07
3.93740e+00,8.00251e-07
3.95714e+00,7.87490e-07
3.97699e+00,7.74664e-07
3.99693e+00,7.61774e-07
4.01697e+00,7.48820e-07
4.03711e+00,7.35800e-07
4.05736e+00,7.22716e-07
4.07770e+00,7.11093e-07
4.09815e+00,7.02215e-07
4.11870e+00,6.93293e-07
4.13935e+00,6.84325e-07
4.16011e+00,6.75313e-07
4.18097e+00,6.66255e-07
4.20194e+00,6.57152e-07
4.22301e+00,6.48003e-07
4.24418e+00,6.38809e-07
4.26546e+00,6.29568e-07
4.28685e+00,6.20281e-07
4.30835e+00,6.10947e-07
4.32995e+00,6.01567e-07
4.35167e+00,5.92140e-07
4.37349e+00,5.82665e-07
4.39542e+00,5.73143e-07
4.41746e+00,5.63573e-07
4.43961e+00,5.53955e-07
4.46187e+00,5.44289e-07
4.48424e+00,5.34574e-07
4.50673e+00,5.24811e-07
4.52933e+00,5.14998e-07
4.55204e+00,5.05137e-07
4.57487e+00,4.97059e-07
4.59781e+00,4.90941e-07
4.62086e+00,4.84792e-07
4.64403e+00,4.78612e-07
4.66732e+00,4.72401e-07
4.69072e+00,4.66158e-07
4.71425e+00,4.59885e-07
4.73789e+00,4.53580e-07
4.76164e+00,4.47244e-07
4.78552e+00,4.40875e-07
4.80952e+00,4.34475e-07
4.83363e+00,4.28043e-07
4.85787e+00,4.21578e-07
4.88223e+00,4.15081e-07
4.90671e+00,4.08551e-07
4.93132e+00,4.01989e-07
4.95604e+00,3.95394e-07
4.98090e+00,3.88766e-07
5.00587e+00,3.82104e-07
5.03097e+00,3.75409e-07
5.05620e+00,3.68681e-07
5.08156e+00,3.64005e-07
5.10704e+00,3.59405e-07
5.13265e+00,3.54782e-07
5.15838e+00,3.50136e-07
5.18425e+00,3.45467e-07
5.21025e+00,3.40774e-07
5.23637e+00,3.36057e-07
5.26263e+00,3.31317e-07
5.28902e+00,3.26553e-07
5.31554e+00,3.21765e-07
5.34219e+00,3.16954e-07
5.36898e+00,3.12118e-07
5.39590e+00,3.07258e-07
5.42296e+00,3.02373e-07
5.45015e+00,2.97464e-07
5.47748e+00,2.92530e-07
5.50495e+00,2.87572e-07
5.53256e+00,2.82589e-07
5.56030e+00,2.78095e-07
5.58818e+00,2.74564e-07
5.61620e+00,2.71015e-07
5.64436e+00,2.67449e-07
5.67267e+00,2.63864e-07
5.70111e+00,2.60262e-07
5.72970e+00,2.56642e-07
5.75843e+00,2.53003e-07
5.78731e+00,2.49346e-07
5.81633e+00,2.45671e-07
5.84549e+00,2.41978e-07
5.87480e+00,2.38266e-07
5.90426e+00,2.34535e-07
5.93387e+00,2.30786e-07
5.96362e+00,2.27017e-07
5.99353e+00,2.23230e-07
6.02358e+00,2.19424e-07
6.05379e+00,2.15939e-07
6.08414e+00,2.13166e-07
6.11465e+00,2.10380e-07
6.14531e+00,2.07580e-07
6.17613e+00,2.04766e-07
6.20710e+00,2.01937e-07
6.23822e+00,1.99095e-07
6.26950e+00,1.96238e-07
6.30094e+00,1.93367e-07
6.33254e+00,1.90482e-07
6.36429e+00,1.87582e-07
6.39620e+00,1.84667e-07
6.42828e+00,1.81738e-07
6.46051e+00,1.78794e-07
6.49291e+00,1.75836e-07
6.52547e+00,1.72862e-07
6.55819e+00,1.70359e-07
6.59107e+00,1.68131e-07
6.62412e+00,1.65892e-07
6.65734e+00,1.63641e-07
6.69072e+00,1.61380e-07
6.72427e+00,1.59107e-07
6.75799e+00,1.56822e-07
6.79188e+00,1.54526e-07
6.82594e+00,1.52218e-07
6.86016e+00,1.49899e-07
6.89456e+00,1.47569e-07
6.92914e+00,1.45226e-07
6.96388e+00,1.42872e-07
6.99880e+00,1.40506e-07
7.03390e+00,1.38177e-07
7.06917e+00,1.36379e-07
7.10462e+00,1.34572e-07
7.14024e+00,1.32756e-07
7.17605e+00,1.30930e-07
7.21203e+00,1.29096e-07
7.24819e+00,1.27252e-07
7.28454e+00,1.25400e-07
7.32107e+00,1.23537e-07
7.35778e+00,1.21666e-07
7.39467e+00,1.19785e-07
7.43175e+00,1.17895e-07
7.46902e+00,1.15995e-07
7.50647e+00,1.14086e-07
7.54411e+00,1.12398e-07
7.58194e+00,1.10913e-07
7.61996e+00,1.09421e-07
7.65817e+00,1.07921e-07
7.69657e+00,1.06414e-07
7.73517e+00,1.04899e-07
7.77395e+00,1.03377e-07
7.81294e+00,1.01846e-07
7.85211e+00,1.00309e-07
7.89149e+00,9.87633e-08
7.93106e+00,9.72101e-08
7.97083e+00,9.56491e-08
8.01080e+00,9.40802e-08
8.05097e+00,9.27874e-08
8.09134e+00,9.15487e-08
8.13191e+00,9.03038e-08
8.17269e+00,8.90527e-08
8.21367e+00,8.77953e-08
8.25486e+00,8.65316e-08
8.29625e+00,8.52616e-08
8.33785e+00,8.39852e-08
8.37966e+00,8.27024e-08
8.42168e+00,8.14131e-08
8.46391e+00,8.01174e-08
8.50635e+00,7.88152e-08
8.54901e+00,7.77448e-08
8.59187e+00,7.67003e-08
8.63496e+00,7.56505e-08
8.67826e+00,7.45954e-08
8.72177e+00,7.35350e-08
8.76551e+00,7.24693e-08
8.80946e+00,7.13983e-08
8.85364e+00,7.03219e-08
8.89803e+00,6.92401e-08
8.94265e+00,6.81529e-08
8.98749e+00,6.70602e-08
9.03256e+00,6.60986e-08
9.07785e+00,6.52166e-08
9.12337e+00,6.43301e-08
9.16912e+00,6.34392e-08
9.21510e+00,6.25439e-08
9.26131e+00,6.16440e-08
9.30775e+00,6.07397e-08
9.35442e+00,5.98308e-08
9.40133e+00,5.89174e-08
9.44847e+00,5.79993e-08
9.49585e+00,5.70767e-08
9.54347e+00,5.63182e-08
9.59132e+00,5.55642e-08
9.63942e+00,5.48064e-08
9.68775e+00,5.40449e-08
9.73633e+00,5.32795e-08
9.78515e+00,5.25103e-08
9.83422e+00,5.17372e-08
9.88353e+00,5.09602e-08
9.93309e+00,5.01794e-08
9.98290e+00,4.93946e-08
1.00330e+01,4.87191e-08
1.00833e+01,4.80637e-08
1.01338e+01,4.74051e-08
1.01846e+01,4.67432e-08
1.02357e+01,4.60780e-08
1.02870e+01,4.54094e-08
1.03386e+01,4.47375e-08
1.03905e+01,4.40622e-08
1.04426e+01,4.33835e-08
1.04949e+01,4.27242e-08
1.05476e+01,4.21581e-08
1.06005e+01,4.15892e-08
1.06536e+01,4.10174e-08
1.07070e+01,4.04427e-08
1.07607e+01,3.98652e-08
1.08147e+01,3.92847e-08
1.08689e+01,3.87014e-08
1.09234e+01,3.81151e-08
1.09782e+01,3.75259e-08
1.10332e+01,3.70315e-08
1.10886e+01,3.65348e-08
1.11442e+01,3.60357e-08
1.12000e+01,3.55340e-08
1.12562e+01,3.50299e-08
1.13126e+01,3.45232e-08
1.13694e+01,3.40140e-08
1.14264e+01,3.35022e-08
1.14837e+01,3.30050e-08
1.15413e+01,3.25711e-08
1.15991e+01,3.21351e-08
1.16573e+01,3.16969e-08
1.17158e+01,3.12565e-08
1.17745e+01,3.08138e-08
1.18335e+01,3.03690e-08
1.18929e+01,2.99219e-08
1.19525e+01,2.94726e-08
1.20125e+01,2.90769e-08
1.20727e+01,2.86943e-08
1.21332e+01,2.83097e-08
1.21941e+01,2.79232e-08
1.22552e+01,2.75348e-08
1.23167e+01,2.71444e-08
1.23784e+01,2.67521e-08
1.24405e+01,2.63578e-08
1.25029e+01,2.60045e-08
1.25656e+01,2.56672e-08
1.26286e+01,2.53282e-08
1.26919e+01,2.49875e-08
1.27556e+01,2.46451e-08
1.28195e+01,2.43010e-08
1.28838e+01,2.39551e-08
1.29484e+01,2.36075e-08
1.30133e+01,2.33076e-08
1.30786e+01,2.30092e-08
1.31442e+01,2.27092e-08
1.32101e+01,2.24077e-08
1.32763e+01,2.21047e-08
1.33429e+01,2.18002e-08
1.34098e+01,2.14941e-08
1.34770e+01,2.12082e-08
1.35446e+01,2.09454e-08
1.36125e+01,2.06812e-08
1.36808e+01,2.04157e-08
1.37494e+01,2.01489e-08
1.38183e+01,1.98807e-08
1.38876e+01,1.96112e-08
1.39573e+01,1.93493e-08
1.40273e+01,1.91112e-08
1.40976e+01,1.88719e-08
1.41683e+01,1.86314e-08
1.42393e+01,1.83897e-08
1.43107e+01,1.81468e-08
1.43825e+01,1.79027e-08
1.44546e+01,1.76709e-08
1.45271e+01,1.74682e-08
1.46000e+01,1.72646e-08
1.46732e+01,1.70599e-08
1.47467e+01,1.68542e-08
1.48207e+01,1.66474e-08
1.48950e+01,1.64396e-08
1.49697e+01,1.62532e-08
1.50448e+01,1.60816e-08
1.51202e+01,1.59091e-08
1.51960e+01,1.57357e-08
1.52722e+01,1.55615e-08
1.53488e+01,1.53864e-08
1.54258e+01,1.52123e-08
1.55031e+01,1.50572e-08
1.55809e+01,1.49012e-08
1.56590e+01,1.47445e-08
1.57375e+01,1.45870e-08
1.58164e+01,1.44286e-08
1.58957e+01,1.42695e-08
1.59754e+01,1.41226e-08
1.60555e+01,1.39783e-08
1.61361e+01,1.38333e-08
1.62170e+01,1.36876e-08
1.62983e+01,1.35412e-08
1.63800e+01,1.33940e-08
1.64622e+01,1.32578e-08
1.65447e+01,1.31263e-08
1.66277e+01,1.29941e-08
1.67110e+01,1.28613e-08
1.67948e+01,1.27278e-08
1.68791e+01,1.25937e-08
1.69637e+01,1.24646e-08
1.70488e+01,1.23367e-08
1.71342e+01,1.22082e-08
1.72202e+01,1.20791e-08
1.73065e+01,1.19493e-08
1.73933e+01,1.18189e-08
1.74805e+01,1.16914e-08
1.75682e+01,1.15633e-08
1.76563e+01,1.14346e-08
1.77448e+01,1.13052e-08
1.78338e+01,1.11752e-08
1.79232e+01,1.10446e-08
1.80131e+01,1.09135e-08
1.81034e+01,1.07817e-08
1.81942e+01,1.06493e-08
1.82854e+01,1.05162e-08
1.83771e+01,1.03824e-08
1.84693e+01,1.02483e-08
1.85619e+01,1.01135e-08
1.86549e+01,9.97806e-09
1.87485e+01,9.84191e-09
1.88425e+01,9.70508e-09
1.89370e+01,9.56451e-09
1.90319e+01,9.42177e-09
1.91274e+01,9.27831e-09
1.92233e+01,9.13413e-09
1.93197e+01,8.98923e-09
1.94166e+01,8.85187e-09
1.95139e+01,8.72157e-09
1.96118e+01,8.59062e-09
1.97101e+01,8.45901e-09
1.98090e+01,8.32674e-09
1.99083e+01,8.19417e-09
2.00081e+01,8.06131e-09
2.01084e+01,7.92779e-09
2.02093e+01,7.79359e-09
2.03106e+01,7.65873e-09
2.04125e+01,7.52759e-09
2.05148e+01,7.39899e-09
2.06177e+01,7.26975e-09
2.07211e+01,7.13985e-09
2.08250e+01,7.00931e-09
2.09294e+01,6.88493e-09
2.10344e+01,6.76173e-09
2.11398e+01,6.63792e-09
2.12458e+01,6.51348e-09
2.13524e+01,6.38939e-09
2.14594e+01,6.27218e-09
2.15670e+01,6.15438e-09
2.16752e+01,6.03598e-09
2.17839e+01,5.91700e-09
2.18931e+01,5.80268e-09
2.20029e+01,5.69220e-09
2.21132e+01,5.58117e-09
2.22241e+01,5.46957e-09
2.23356e+01,5.35820e-09
2.24476e+01,5.25551e-09
2.25601e+01,5.15232e-09
2.26732e+01,5.04860e-09
2.27869e+01,4.94437e-09
2.29012e+01,4.84611e-09
2.30160e+01,4.75006e-09
2.31314e+01,4.65354e-09
2.32474e+01,4.55652e-09
2.33640e+01,4.46271e-09
2.34812e+01,4.37333e-09
2.35989e+01,4.28350e-09
2.37172e+01,4.19322e-09
2.38362e+01,4.10453e-09
2.39557e+01,4.02172e-09
2.40758e+01,3.93851e-09
2.41966e+01,3.85487e-09
2.43179e+01,3.77193e-09
2.44398e+01,3.69530e-09
2.45624e+01,3.61829e-09
2.46855e+01,3.54089e-09
2.48093e+01,3.46400e-09
2.49337e+01,3.39308e-09
2.50588e+01,3.32181e-09
2.51844e+01,3.25018e-09
2.53107e+01,3.17942e-09
2.54376e+01,3.11376e-09
2.55652e+01,3.04778e-09
2.56934e+01,2.98147e-09
2.58222e+01,2.91679e-09
2.59517e+01,2.85597e-09
2.60818e+01,2.79485e-09
2.62126e+01,2.73342e-09
2.63441e+01,2.67471e-09
2.64762e+01,2.61838e-09
2.66089e+01,2.56177e-09
2.67423e+01,2.50488e-09
2.68764e+01,2.45199e-09
2.70112e+01,2.39983e-09
2.71467e+01,2.34741e-09
2.72828e+01,2.29549e-09
2.74196e+01,2.24731e-09
2.75571e+01,2.19890e-09
2.76953e+01,2.15025e-09
2.78341e+01,2.10387e-09
2.79737e+01,2.05915e-09
2.81140e+01,2.01420e-09
2.82550e+01,1.96923e-09
2.83966e+01,1.92784e-09
2.85390e+01,1.88624e-09
2.86821e+01,1.84443e-09
2.88260e+01,1.80455e-09
2.89705e+01,1.76598e-09
2.91158e+01,1.72721e-09
2.92618e+01,1.68887e-09
2.94085e+01,1.65307e-09
2.95560e+01,1.61710e-09
2.97042e+01,1.58095e-09
2.98531e+01,1.54809e-09
3.00028e+01,1.51573e-09
3.01533e+01,1.48322e-09
3.03045e+01,1.45145e-09
3.04564e+01,1.42028e-09
3.06092e+01,1.38895e-09
3.07627e+01,1.35829e-09
3.09169e+01,1.32932e-09
3.10719e+01,1.30020e-09
3.12277e+01,1.27124e-09
3.13843e+01,1.24428e-09
3.15417e+01,1.21719e-09
3.16999e+01,1.18996e-09
3.18588e+01,1.16480e-09
3.20186e+01,1.13955e-09
3.21791e+01,1.11417e-09
3.23405e+01,1.09050e-09
3.25027e+01,1.06690e-09
3.26657e+01,1.04319e-09
3.28295e+01,1.02096e-09
3.29941e+01,9.98880e-10
3.31595e+01,9.76689e-10
3.33258e+01,9.55867e-10
3.34929e+01,9.35174e-10
3.36609e+01,9.14378e-10
3.38296e+01,8.94930e-10
3.39993e+01,8.75524e-10
3.41698e+01,8.56031e-10
3.43411e+01,8.38467e-10
3.45133e+01,8.20815e-10
3.46864e+01,8.03107e-10
3.48603e+01,7.85517e-10
3.50351e+01,7.67839e-10
3.52108e+01,7.50649e-10
3.53874e+01,7.34645e-10
3.55648e+01,7.18561e-10
3.57431e+01,7.03282e-10
3.59224e+01,6.88727e-10
3.61025e+01,6.74098e-10
3.62835e+01,6.57676e-10
3.64655e+01,6.40679e-10
3.66483e+01,6.23839e-10
3.68321e+01,6.10269e-10
3.70168e+01,5.96632e-10
3.72024e+01,5.83376e-10
3.73890e+01,5.70753e-10
3.75764e+01,5.58066e-10
3.77649e+01,5.46096e-10
3.79542e+01,5.34324e-10
3.81446e+01,5.22632e-10
3.83358e+01,5.11685e-10
3.85281e+01,5.00682e-10
3.87213e+01,4.90105e-10
3.89154e+01,4.79828e-10
3.91106e+01,4.69529e-10
3.93067e+01,4.59898e-10
3.95038e+01,4.50219e-10
3.97019e+01,4.40849e-10
3.99010e+01,4.31749e-10
4.01010e+01,4.22637e-10
4.03021e+01,4.14060e-10
4.05042e+01,4.05439e-10
4.07073e+01,3.97109e-10
4.09114e+01,3.88953e-10
4.11166e+01,3.80852e-10
4.13228e+01,3.73115e-10
4.15300e+01,3.65340e-10
4.17382e+01,3.57896e-10
4.19475e+01,3.50504e-10
4.21579e+01,3.43264e-10
4.23693e+01,3.36220e-10
4.25817e+01,3.29187e-10
4.27952e+01,3.22464e-10
4.30098e+01,3.15707e-10
4.32255e+01,3.09209e-10
4.34422e+01,3.02747e-10
4.36601e+01,2.96434e-10
4.38790e+01,2.90247e-10
4.40990e+01,2.84118e-10
4.43202e+01,2.78187e-10
4.45424e+01,2.72241e-10
4.47658e+01,2.66549e-10
4.49902e+01,2.60828e-10
4.52158e+01,2.55320e-10
4.54426e+01,2.49827e-10
4.56704e+01,2.44489e-10
4.58995e+01,2.39215e-10
4.61296e+01,2.34047e-10
4.63609e+01,2.28979e-10
4.65934e+01,2.23979e-10
4.68270e+01,2.19107e-10
4.70619e+01,2.14276e-10
4.72978e+01,2.09596e-10
4.75350e+01,2.04935e-10
4.77734e+01,2.00441e-10
4.80129e+01,1.95951e-10
4.82537e+01,1.91638e-10
4.84957e+01,1.87319e-10
4.87388e+01,1.83182e-10
4.89832e+01,1.79036e-10
4.92289e+01,1.75072e-10
4.94757e+01,1.71098e-10
4.97238e+01,1.67304e-10
4.99731e+01,1.63504e-10
5.02237e+01,1.59877e-10
5.04756e+01,1.56250e-10
5.07287e+01,1.52787e-10
5.09831e+01,1.49336e-10
5.12387e+01,1.46033e-10
5.14956e+01,1.42756e-10
5.17539e+01,1.39608e-10
5.20134e+01,1.36501e-10
5.22742e+01,1.33501e-10
5.25363e+01,1.30559e-10
5.27998e+01,1.27702e-10
5.30645e+01,1.24922e-10
5.33306e+01,1.22204e-10
5.35980e+01,1.19580e-10
5.38668e+01,1.16990e-10
5.41369e+01,1.14513e-10
5.44084e+01,1.12049e-10
5.46812e+01,1.09707e-10
5.49554e+01,1.07383e-10
5.52310e+01,1.05150e-10
5.55079e+01,1.02961e-10
5.57863e+01,1.00829e-10
5.60660e+01,9.87637e-11
5.63471e+01,9.67271e-11
5.66297e+01,9.47796e-11
5.69136e+01,9.28497e-11
5.71990e+01,9.09974e-11
5.74859e+01,8.91789e-11
5.77741e+01,8.74064e-11
5.80638e+01,8.56909e-11
5.83550e+01,8.39942e-11
5.86476e+01,8.23719e-11
5.89417e+01,8.07692e-11
5.92372e+01,7.92112e-11
5.95343e+01,7.76962e-11
5.98328e+01,7.61995e-11
6.01328e+01,7.47629e-11
6.04344e+01,7.33431e-11
6.07374e+01,7.19558e-11
6.10420e+01,7.06061e-11
6.13481e+01,6.92718e-11
6.16557e+01,6.79788e-11
6.19649e+01,6.67064e-11
6.22756e+01,6.54514e-11
6.25878e+01,6.42349e-11
6.29017e+01,6.30313e-11
6.32171e+01,6.18502e-11
6.35341e+01,6.06964e-11
6.38527e+01,5.95547e-11
6.41729e+01,5.84370e-11
6.44947e+01,5.98597e-11
6.48181e+01,6.10902e-11
6.51431e+01,5.64255e-11
6.54698e+01,5.41495e-11
6.57980e+01,5.31165e-11
6.61280e+01,5.21059e-11
6.64596e+01,5.11106e-11
6.67928e+01,5.01263e-11
6.71278e+01,4.91620e-11
6.74644e+01,4.82132e-11
6.78027e+01,4.72750e-11
6.81427e+01,4.63530e-11
6.84844e+01,4.54480e-11
6.88278e+01,4.45535e-11
6.91729e+01,4.36720e-11
6.95198e+01,4.28096e-11
6.98684e+01,4.19570e-11
7.02187e+01,4.11144e-11
7.05708e+01,4.02900e-11
7.09247e+01,3.94777e-11
7.12803e+01,3.86756e-11
7.16378e+01,3.78858e-11
7.19970e+01,3.71125e-11
7.23580e+01,3.63491e-11
7.27209e+01,3.55957e-11
7.30855e+01,3.48561e-11
7.34520e+01,3.41303e-11
7.38203e+01,3.34144e-11
7.41905e+01,3.27084e-11
7.45625e+01,3.20158e-11
7.49364e+01,3.13362e-11
7.53121e+01,3.06665e-11
7.56898e+01,3.00067e-11
7.60693e+01,2.93590e-11
7.64508e+01,2.87244e-11
7.68341e+01,2.80996e-11
7.72194e+01,2.74850e-11
7.76066e+01,2.68805e-11
7.79958e+01,2.62901e-11
7.83869e+01,2.57102e-11
7.87800e+01,2.51404e-11
7.91750e+01,2.45807e-11
7.95720e+01,2.40313e-11
7.99710e+01,2.34960e-11
8.03720e+01,2.29715e-11
8.07750e+01,2.24575e-11
8.11801e+01,2.19541e-11
8.15872e+01,2.14615e-11
8.19963e+01,2.09815e-11
8.24074e+01,2.05146e-11
8.28207e+01,2.00592e-11
8.32360e+01,1.96153e-11
8.36533e+01,1.91831e-11
8.40728e+01,1.87626e-11
8.44944e+01,1.83540e-11
8.49181e+01,1.79603e-11
8.53439e+01,1.75784e-11
8.57718e+01,1.72079e-11
8.62019e+01,1.68489e-11
8.66342e+01,1.65011e-11
8.70686e+01,1.61642e-11
8.75052e+01,1.58378e-11
8.79440e+01,1.55214e-11
8.83850e+01,1.52155e-11
8.88282e+01,1.49181e-11
8.92736e+01,1.46289e-11
8.97213e+01,1.43471e-11
9.01712e+01,1.40723e-11
9.06233e+01,1.38040e-11
9.10778e+01,1.35420e-11
9.15345e+01,1.32859e-11
9.19935e+01,1.30352e-11
9.24547e+01,1.27898e-11
9.29184e+01,1.25494e-11
9.33843e+01,1.23138e-11
9.38526e+01,1.20831e-11
9.43232e+01,1.18567e-11
9.47962e+01,1.16345e-11
9.52715e+01,1.14163e-11
9.57492e+01,1.12019e-11
9.62294e+01,1.09912e-11
9.67119e+01,1.07841e-11
9.71969e+01,1.05804e-11
9.76842e+01,1.03801e-11
9.81741e+01,1.01831e-11
9.86664e+01,9.98925e-12
9.91611e+01,9.79845e-12
9.96583e+01,0.00000e+00
1.00158e+02,0.00000e+00
1.00660e+02,0.00000e+00
1.01165e+02,0.00000e+00
1.01672e+02,0.00000e+00
1.02182e+02,0.00000e+00
1.02695e+02,0.00000e+00
1.03210e+02,0.00000e+00
1.03727e+02,0.00000e+00
1.04247e+02,0.00000e+00
1.04770e+02,0.00000e+00
1.05295e+02,0.00000e+00
1.05823e+02,0.00000e+00
1.06354e+02,0.00000e+00
1.06887e+02,0.00000e+00
1.07423e+02,0.00000e+00
1.07962e+02,0.00000e+00
1.08503e+02,0.00000e+00
1.09047e+02,0.00000e+00
1.09594e+02,0.00000e+00
1.10144e+02,0.00000e+00
1.10696e+02,0.00000e+00
1.11251e+02,0.00000e+00
1.11809e+02,0.00000e+00
1.12370e+02,0.00000e+00
1.12933e+02,0.00000e+00
1.13499e+02,0.00000e+00
1.14068e+02,0.00000e+00
1.14640e+02,9.25990e-11
1.15215e+02,2.62807e-10
1.15793e+02,3.05196e-10
1.16374e+02,3.16285e-10
1.16957e+02,3.42563e-10
1.17544e+02,3.67201e-10
1.18133e+02,3.87939e-10
1.18726e+02,4.05855e-10
1.19321e+02,4.21550e-10
1.19919e+02,4.33770e-10
1.20521e+02,4.45000e-10
1.21125e+02,4.53028e-10
1.21732e+02,4.60225e-10
1.22343e+02,4.65597e-10
1.22956e+02,4.69753e-10
1.23573e+02,4.72999e-10
1.24192e+02,4.74892e-10
1.24815e+02,4.76402e-10
1.25441e+02,4.76707e-10
1.26070e+02,4.76659e-10
1.26702e+02,4.75901e-10
1.27337e+02,4.74650e-10
1.27976e+02,4.73047e-10
1.28618e+02,4.70882e-10
1.29263e+02,4.68553e-10
1.29911e+02,4.65749e-10
1.30562e+02,4.62789e-10
1.31217e+02,4.59541e-10
1.31875e+02,4.56083e-10
1.32536e+02,4.52478e-10
1.33201e+02,4.48646e-10
1.33869e+02,4.44736e-10
1.34540e+02,4.40626e-10
1.35215e+02,4.36448e-10
1.35893e+02,4.32164e-10
1.36574e+02,4.27785e-10
1.37259e+02,4.23337e-10
1.37947e+02,4.18804e-10
1.38639e+02,4.14232e-10
1.39334e+02,4.09592e-10
1.40033e+02,4.04919e-10
1.40735e+02,4.00207e-10
1.41441e+02,3.95472e-10
1.42150e+02,3.90715e-10
1.42863e+02,3.85949e-10
1.43579e+02,3.81165e-10
1.44299e+02,3.76382e-10
1.45023e+02,3.71592e-10
1.45750e+02,3.66804e-10
1.46481e+02,3.62028e-10
1.47215e+02,3.57248e-10
1.47953e+02,3.52505e-10
1.48695e+02,3.47756e-10
1.49441e+02,3.43050e-10
1.50190e+02,3.38354e-10
1.50943e+02,3.33684e-10
1.51700e+02,3.29049e-10
1.52461e+02,3.24421e-10
1.53226e+02,3.19854e-10
1.53994e+02,3.15288e-10
1.54766e+02,3.10780e-10
1.55542e+02,3.06289e-10
1.56322e+02,3.01834e-10
1.57106e+02,2.97432e-10
1.57894e+02,2.93045e-10
1.58686e+02,2.88750e-10
1.59481e+02,2.84460e-10
1.60281e+02,2.80237e-10
1.61085e+02,2.76037e-10
1.61892e+02,2.71875e-10
1.62704e+02,2.67760e-10
1.63520e+02,2.63656e-10
1.64340e+02,2.59671e-10
1.65164e+02,2.55696e-10
1.65992e+02,2.51787e-10
1.66825e+02,2.56513e-10
1.67661e+02,2.72330e-10
1.68502e+02,2.74332e-10
1.69347e+02,2.70167e-10
1.70196e+02,2.66101e-10
1.71050e+02,2.62044e-10
1.71907e+02,2.58059e-10
1.72769e+02,2.54113e-10
1.73636e+02,2.50221e-10
1.74506e+02,2.46420e-10
1.75381e+02,2.42647e-10
1.76261e+02,2.38944e-10
1.77145e+02,2.35256e-10
1.78033e+02,2.31663e-10
1.78926e+02,2.28112e-10
1.79823e+02,2.24611e-10
1.80725e+02,2.21145e-10
1.81631e+02,2.17683e-10
1.82542e+02,2.14379e-10
1.83457e+02,2.11080e-10
1.84377e+02,2.07814e-10
1.85301e+02,2.04592e-10
1.86231e+02,2.01419e-10
1.87164e+02,1.98311e-10
1.88103e+02,1.95217e-10
1.89046e+02,1.92179e-10
1.89994e+02,1.89164e-10
1.90947e+02,1.86245e-10
1.91904e+02,1.83331e-10
1.92867e+02,1.80422e-10
1.93834e+02,1.77626e-10
1.94806e+02,1.74859e-10
1.95782e+02,1.72113e-10
1.96764e+02,1.69389e-10
1.97751e+02,1.66759e-10
1.98742e+02,1.64140e-10
1.99739e+02,1.61534e-10
2.00741e+02,1.59007e-10
2.01747e+02,1.56498e-10
2.02759e+02,1.54032e-10
2.03776e+02,1.51584e-10
2.04797e+02,1.49205e-10
2.05824e+02,1.46844e-10
2.06856e+02,1.44499e-10
2.07894e+02,1.42225e-10
2.08936e+02,1.39964e-10
2.09984e+02,1.37743e-10
2.11037e+02,1.35541e-10
2.12095e+02,1.33405e-10
2.13159e+02,1.31280e-10
2.14227e+02,1.29164e-10
2.15302e+02,1.27127e-10
2.16381e+02,1.25106e-10
2.17466e+02,1.23096e-10
2.18557e+02,1.21114e-10
2.19653e+02,1.19212e-10
2.20754e+02,1.17303e-10
2.21861e+02,1.15387e-10
2.22974e+02,1.13568e-10
2.24092e+02,1.11766e-10
2.25215e+02,1.09967e-10
2.26345e+02,1.08190e-10
2.27480e+02,1.06474e-10
2.28620e+02,1.04772e-10
2.29767e+02,1.03077e-10
2.30919e+02,1.01428e-10
2.32077e+02,9.97865e-11
2.33241e+02,9.82008e-11
2.34410e+02,9.66159e-11
2.35586e+02,9.50417e-11
2.36767e+02,9.35178e-11
2.37954e+02,9.20298e-11
2.39147e+02,9.05380e-11
2.40347e+02,8.90474e-11
2.41552e+02,8.76410e-11
2.42763e+02,8.62352e-11
2.43980e+02,8.48379e-11
2.45204e+02,8.34651e-11
2.46433e+02,8.21078e-11
2.47669e+02,8.07959e-11
2.48911e+02,7.94881e-11
2.50159e+02,7.81804e-11
2.51414e+02,7.69025e-11
2.52674e+02,7.56873e-11
2.53941e+02,7.44680e-11
2.55215e+02,7.32438e-11
2.56494e+02,7.20630e-11
2.57781e+02,7.08900e-11
2.59073e+02,6.97546e-11
2.60372e+02,6.86151e-11
2.61678e+02,6.74729e-11
2.62990e+02,6.63841e-11
2.64309e+02,6.53273e-11
2.65634e+02,6.42673e-11
2.66966e+02,6.32075e-11
2.68305e+02,6.21812e-11
2.69650e+02,6.11691e-11
2.71002e+02,6.01845e-11
2.72361e+02,5.91966e-11
2.73727e+02,5.82048e-11
2.75100e+02,5.72739e-11
2.76479e+02,5.63493e-11
2.77866e+02,5.54325e-11
2.79259e+02,5.45191e-11
2.80659e+02,5.36140e-11
2.82067e+02,5.27451e-11
2.83481e+02,5.18948e-11
2.84902e+02,5.10451e-11
2.86331e+02,5.01972e-11
2.87767e+02,4.93774e-11
2.89210e+02,4.85699e-11
2.90660e+02,4.77832e-11
2.92118e+02,4.69945e-11
2.93582e+02,4.62030e-11
2.95055e+02,4.54570e-11
2.96534e+02,4.47156e-11
2.98021e+02,4.39877e-11
2.99515e+02,4.32576e-11
3.01017e+02,4.25259e-11
3.02527e+02,4.18330e-11
3.04044e+02,4.11580e-11
3.05568e+02,4.04850e-11
3.07101e+02,3.98110e-11
3.08641e+02,3.91425e-11
3.10188e+02,3.84941e-11
3.11744e+02,3.78739e-11
3.13307e+02,3.72520e-11
3.14878e+02,3.66276e-11
3.16457e+02,3.60182e-11
3.18044e+02,3.54149e-11
3.19638e+02,3.48423e-11
3.21241e+02,3.42693e-11
3.22852e+02,3.36964e-11
3.24471e+02,3.31334e-11
3.26098e+02,3.25733e-11
3.27733e+02,3.20472e-11
3.29377e+02,3.15206e-11
3.31028e+02,3.09915e-11
3.32688e+02,3.04707e-11
3.34356e+02,2.99603e-11
3.36033e+02,2.94685e-11
3.37718e+02,2.89831e-11
3.39412e+02,2.84978e-11
3.41113e+02,2.80148e-11
3.42824e+02,2.75466e-11
3.44543e+02,2.70885e-11
3.46271e+02,2.66424e-11
3.48007e+02,2.61977e-11
3.49752e+02,2.57522e-11
3.51506e+02,2.53199e-11
3.53269e+02,2.48926e-11
3.55040e+02,2.44860e-11
3.56820e+02,2.40781e-11
3.58610e+02,2.36689e-11
3.60408e+02,2.32677e-11
3.62215e+02,2.28683e-11
3.64031e+02,2.24964e-11
3.65857e+02,2.21230e-11
3.67691e+02,2.17478e-11
3.69535e+02,2.13765e-11
3.71388e+02,2.10094e-11
3.73250e+02,2.06619e-11
3.75122e+02,2.03200e-11
3.77003e+02,1.99783e-11
3.78893e+02,1.96360e-11
3.80793e+02,1.92957e-11
3.82703e+02,1.89693e-11
3.84622e+02,1.86565e-11
3.86551e+02,1.83453e-11
3.88489e+02,1.80336e-11
3.90437e+02,1.77212e-11
3.92395e+02,1.74144e-11
3.94362e+02,1.71262e-11
3.96340e+02,1.68405e-11
3.98327e+02,1.65569e-11
4.00325e+02,1.62719e-11
4.02332e+02,1.59860e-11
4.04350e+02,1.57188e-11
4.06377e+02,1.54534e-11
4.08415e+02,1.51952e-11
4.10463e+02,1.49357e-11
4.12521e+02,1.46748e-11
4.14590e+02,1.44235e-11
4.16669e+02,1.41745e-11
4.18758e+02,1.39396e-11
4.20858e+02,1.37038e-11
4.22968e+02,1.34674e-11
4.25089e+02,1.32328e-11
4.27221e+02,1.29995e-11
4.29363e+02,1.27821e-11
4.31516e+02,1.25680e-11
4.33680e+02,1.23544e-11
4.35854e+02,1.21404e-11
4.38040e+02,1.19270e-11
4.40236e+02,1.17216e-11
4.42444e+02,1.15222e-11
4.44663e+02,1.13280e-11
4.46892e+02,1.11344e-11
4.49133e+02,1.09410e-11
4.51385e+02,1.07492e-11
4.53649e+02,1.05615e-11
4.55924e+02,1.03814e-11
4.58210e+02,1.02067e-11
4.60508e+02,1.00318e-11
4.62817e+02,9.85617e-12
4.65137e+02,9.67965e-12
4.67470e+02,9.50914e-12
4.69814e+02,9.35162e-12
4.72170e+02,9.19366e-12
4.74537e+02,9.03515e-12
4.76917e+02,8.87584e-12
4.79308e+02,8.71687e-12
4.81712e+02,8.56811e-12
4.84127e+02,8.42116e-12
4.86555e+02,8.27833e-12
4.88995e+02,8.13478e-12
4.91447e+02,7.99051e-12
4.93911e+02,7.84917e-12
4.96388e+02,7.70919e-12
4.98877e+02,7.58063e-12
5.01379e+02,7.45143e-12
5.03893e+02,7.32159e-12
5.06419e+02,7.19280e-12
5.08959e+02,7.06445e-12
5.11511e+02,6.94244e-12
5.14076e+02,6.82154e-12
5.16654e+02,6.70487e-12
5.19244e+02,6.58854e-12
5.21848e+02,6.47320e-12
5.24465e+02,6.35793e-12
5.27095e+02,6.24248e-12
5.29738e+02,6.13645e-12
5.32394e+02,6.03155e-12
5.35064e+02,5.92795e-12
5.37747e+02,5.82402e-12
5.40443e+02,5.71989e-12
5.43153e+02,5.61874e-12
5.45877e+02,5.51908e-12
5.48614e+02,5.42525e-12
5.51365e+02,5.33182e-12
5.54130e+02,5.23862e-12
5.56909e+02,5.14494e-12
5.59701e+02,5.05079e-12
5.62508e+02,4.96281e-12
5.65329e+02,4.87792e-12
5.68163e+02,4.79445e-12
5.71012e+02,4.71074e-12
5.73876e+02,4.62662e-12
5.76753e+02,4.54341e-12
5.79645e+02,4.46168e-12
5.82552e+02,4.38477e-12
5.85473e+02,4.31010e-12
5.88409e+02,4.23505e-12
5.91360e+02,4.15964e-12
5.94325e+02,4.08393e-12
5.97305e+02,4.01086e-12
6.00300e+02,3.94147e-12
6.03310e+02,3.87367e-12
6.06336e+02,3.80643e-12
6.09376e+02,3.73886e-12
6.12432e+02,3.67123e-12
6.15503e+02,3.60445e-12
6.18589e+02,3.54057e-12
6.21691e+02,3.48050e-12
6.24808e+02,3.42028e-12
6.27941e+02,3.35982e-12
6.31090e+02,3.29982e-12
6.34255e+02,3.24010e-12
6.37435e+02,3.18223e-12
6.40632e+02,3.12618e-12
6.43844e+02,3.07242e-12
6.47073e+02,3.01851e-12
6.50317e+02,2.96438e-12
6.53578e+02,2.91142e-12
6.56856e+02,2.85892e-12
6.60149e+02,2.80856e-12
6.63460e+02,2.75919e-12
6.66786e+02,2.71099e-12
6.70130e+02,2.66335e-12
6.73490e+02,2.61578e-12
6.76867e+02,2.56842e-12
6.80262e+02,2.52172e-12
6.83673e+02,2.47785e-12
6.87101e+02,2.43450e-12
6.90546e+02,2.39173e-12
6.94009e+02,2.34950e-12
6.97489e+02,2.30734e-12
7.00987e+02,2.26496e-12
7.04502e+02,2.22346e-12
7.08034e+02,2.18517e-12
7.11585e+02,2.14726e-12
7.15153e+02,2.10974e-12
7.18739e+02,2.07218e-12
7.22343e+02,2.03450e-12
7.25965e+02,1.99740e-12
7.29605e+02,1.96105e-12
7.33264e+02,1.92726e-12
7.36941e+02,1.89372e-12
7.40636e+02,1.86041e-12
7.44350e+02,1.82693e-12
7.48083e+02,1.79330e-12
7.51834e+02,1.76079e-12
7.55604e+02,1.72896e-12
7.59393e+02,1.69936e-12
7.63201e+02,1.66971e-12
7.67028e+02,1.63999e-12
7.70874e+02,1.61013e-12
7.74739e+02,1.58017e-12
7.78624e+02,1.55195e-12
7.82529e+02,1.52423e-12
7.86453e+02,1.49804e-12
7.90396e+02,1.47173e-12
7.94360e+02,1.44528e-12
7.98343e+02,1.41869e-12
8.02346e+02,1.39208e-12
8.06369e+02,1.36771e-12
8.10413e+02,1.34359e-12
8.14477e+02,1.32027e-12
8.18561e+02,1.29684e-12
8.22665e+02,1.27328e-12
8.26791e+02,1.24969e-12
8.30936e+02,1.22614e-12
8.35103e+02,1.20498e-12
8.39291e+02,1.18390e-12
8.43499e+02,1.16317e-12
8.47729e+02,1.14233e-12
8.51980e+02,1.12139e-12
8.56252e+02,1.10066e-12
8.60546e+02,1.08005e-12
8.64861e+02,1.06142e-12
8.69198e+02,1.04282e-12
8.73556e+02,1.02438e-12
8.77936e+02,1.00586e-12
8.82339e+02,9.87244e-13
8.86763e+02,9.69058e-13
8.91210e+02,9.51039e-13
8.95679e+02,9.34634e-13
9.00170e+02,9.18223e-13
9.04684e+02,9.01881e-13
9.09220e+02,8.85504e-13
9.13780e+02,8.69079e-13
9.18362e+02,8.53101e-13
9.22967e+02,8.37288e-13
9.27595e+02,8.22809e-13
9.32246e+02,8.08302e-13
9.36921e+02,7.93807e-13
9.41619e+02,7.79395e-13
9.46341e+02,7.65013e-13
9.51086e+02,7.50898e-13
9.55855e+02,7.36919e-13
9.60648e+02,7.24136e-13
9.65465e+02,7.11318e-13
9.70307e+02,6.98490e-13
9.75172e+02,6.85834e-13
9.80062e+02,6.73265e-13
9.84977e+02,6.60812e-13
9.89916e+02,6.48472e-13
9.94880e+02,6.37150e-13
9.99868e+02,6.25797e-13
1.00488e+03,6.14431e-13
1.00992e+03,6.03312e-13
1.01499e+03,5.92317e-13
1.02007e+03,5.81326e-13
1.02519e+03,5.70428e-13
1.03033e+03,5.60398e-13
1.03550e+03,5.50366e-13
1.04069e+03,5.40359e-13
1.04591e+03,5.30595e-13
1.05115e+03,5.20948e-13
1.05642e+03,5.11253e-13
1.06172e+03,5.01640e-13
1.06704e+03,4.92749e-13
1.07240e+03,4.83904e-13
1.07777e+03,4.75152e-13
1.08318e+03,4.66576e-13
1.08861e+03,4.58074e-13
1.09407e+03,4.49530e-13
1.09955e+03,4.41061e-13
1.10507e+03,4.33170e-13
1.11061e+03,4.25369e-13
1.11618e+03,4.17713e-13
1.12177e+03,4.10179e-13
1.12740e+03,4.02687e-13
1.13305e+03,3.95158e-13
1.13873e+03,3.87694e-13
1.14444e+03,3.80686e-13
1.15018e+03,3.73807e-13
1.15595e+03,3.67114e-13
1.16175e+03,3.60500e-13
1.16757e+03,3.53907e-13
1.17343e+03,3.47280e-13
1.17931e+03,3.40706e-13
1.18523e+03,3.34471e-13
1.19117e+03,3.28396e-13
1.19714e+03,3.22537e-13
1.20314e+03,3.16728e-13
1.20918e+03,3.10926e-13
1.21524e+03,3.05094e-13
1.22133e+03,2.99301e-13
1.22746e+03,2.93756e-13
1.23361e+03,2.88400e-13
1.23980e+03,2.83279e-13
1.24602e+03,2.78187e-13
1.25226e+03,2.73091e-13
1.25854e+03,2.67969e-13
1.26486e+03,2.62873e-13
1.27120e+03,2.57939e-13
1.27757e+03,2.53215e-13
1.28398e+03,2.48737e-13
1.29042e+03,2.44272e-13
1.29689e+03,2.39798e-13
1.30339e+03,2.35301e-13
1.30993e+03,2.30817e-13
1.31649e+03,2.26427e-13
1.32310e+03,2.22263e-13
1.32973e+03,2.18347e-13
1.33640e+03,2.14435e-13
1.34310e+03,2.10512e-13
1.34983e+03,2.06569e-13
1.35660e+03,2.02624e-13
1.36341e+03,1.98717e-13
1.37024e+03,1.95045e-13
1.37711e+03,1.91617e-13
1.38402e+03,1.88189e-13
1.39096e+03,1.84748e-13
1.39793e+03,1.81291e-13
1.40494e+03,1.77819e-13
1.41199e+03,1.74340e-13
1.41907e+03,1.71102e-13
1.42619e+03,1.68101e-13
1.43334e+03,1.65099e-13
1.44052e+03,1.62086e-13
1.44775e+03,1.59058e-13
1.45501e+03,1.56015e-13
1.46230e+03,1.52956e-13
1.46964e+03,1.50101e-13
1.47701e+03,1.47434e-13
1.48441e+03,1.44797e-13
1.49186e+03,1.42160e-13
1.49934e+03,1.39510e-13
1.50685e+03,1.36846e-13
1.51441e+03,1.34170e-13
1.52200e+03,1.31650e-13
1.52964e+03,1.29269e-13
1.53731e+03,1.26955e-13
1.54502e+03,1.24651e-13
1.55276e+03,1.22335e-13
1.56055e+03,1.20008e-13
1.56837e+03,1.17669e-13
1.57624e+03,1.15445e-13
1.58414e+03,1.13316e-13
1.59209e+03,1.11286e-13
1.60007e+03,1.09274e-13
1.60809e+03,1.07251e-13
1.61616e+03,1.05218e-13
1.62426e+03,1.03175e-13
1.63241e+03,1.01210e-13
1.64059e+03,9.93039e-14
1.64882e+03,9.75243e-14
1.65709e+03,9.57670e-14
1.66539e+03,9.40010e-14
1.67375e+03,9.22261e-14
1.68214e+03,9.04423e-14
1.69057e+03,8.87040e-14
1.69905e+03,8.69976e-14
1.70757e+03,8.54392e-14
1.71613e+03,8.39059e-14
1.72474e+03,8.23650e-14
1.73339e+03,8.08164e-14
1.74208e+03,7.92599e-14
1.75081e+03,7.77353e-14
1.75959e+03,7.62310e-14
1.76842e+03,7.48514e-14
1.77728e+03,7.34926e-14
1.78620e+03,7.21498e-14
1.79515e+03,7.08003e-14
1.80416e+03,6.94440e-14
1.81320e+03,6.81105e-14
1.82229e+03,6.67902e-14
1.83143e+03,6.55648e-14
1.84062e+03,6.43561e-14
1.84985e+03,6.31866e-14
1.85912e+03,2.30754e-13
1.86844e+03,7.00517e-13
1.87781e+03,8.63324e-13
1.88723e+03,8.31070e-13
1.89669e+03,8.09453e-13
1.90620e+03,7.89663e-13
1.91576e+03,7.71717e-13
1.92537e+03,7.54053e-13
1.93502e+03,7.36930e-13
1.94473e+03,7.20372e-13
1.95448e+03,7.04120e-13
1.96428e+03,6.88751e-13
1.97413e+03,6.73588e-13
1.98403e+03,6.59340e-13
1.99398e+03,6.45399e-13
2.00397e+03,6.31990e-13
2.01402e+03,6.19111e-13
2.02412e+03,6.06506e-13
2.03427e+03,5.94642e-13
2.04447e+03,5.82928e-13
2.05472e+03,5.71811e-13
2.06503e+03,5.60898e-13
2.07538e+03,5.50321e-13
2.08579e+03,5.40060e-13
2.09625e+03,5.29944e-13
2.10676e+03,5.20267e-13
2.11732e+03,5.10667e-13
2.12794e+03,5.01422e-13
2.13861e+03,4.92305e-13
2.14934e+03,4.83392e-13
2.16011e+03,4.74663e-13
2.17095e+03,4.66005e-13
2.18183e+03,4.57678e-13
2.19277e+03,4.49393e-13
2.20377e+03,4.41311e-13
2.21482e+03,4.33350e-13
2.22592e+03,4.25565e-13
2.23709e+03,4.17920e-13
2.24830e+03,4.10321e-13
2.25958e+03,4.02953e-13
2.27091e+03,3.95624e-13
2.28230e+03,3.88510e-13
2.29374e+03,3.81487e-13
2.30524e+03,3.74591e-13
2.31680e+03,3.67831e-13
2.32842e+03,3.61114e-13
2.34009e+03,3.54600e-13
2.35183e+03,3.48119e-13
2.36362e+03,3.41817e-13
2.37547e+03,3.35599e-13
2.38739e+03,3.29490e-13
2.39936e+03,3.23521e-13
2.41139e+03,3.17593e-13
2.42348e+03,3.11851e-13
2.43563e+03,3.06141e-13
2.44785e+03,3.00593e-13
2.46012e+03,2.95114e-13
2.47246e+03,2.89722e-13
2.48485e+03,2.84466e-13
2.49731e+03,2.79248e-13
2.50984e+03,2.74191e-13
2.52242e+03,2.69162e-13
2.53507e+03,2.64271e-13
2.54778e+03,2.59439e-13
2.56056e+03,2.54676e-13
2.57340e+03,2.50044e-13
2.58630e+03,2.45446e-13
2.59927e+03,2.41011e-13
2.61231e+03,2.36599e-13
2.62540e+03,2.32297e-13
2.63857e+03,2.28050e-13
2.65180e+03,2.23861e-13
2.66510e+03,2.19773e-13
2.67846e+03,2.15706e-13
2.69189e+03,2.11816e-13
2.70539e+03,2.07940e-13
2.71896e+03,2.04144e-13
2.73259e+03,2.00396e-13
2.74629e+03,1.96695e-13
2.76006e+03,1.93111e-13
2.77390e+03,1.89555e-13
2.78781e+03,1.86120e-13
2.80179e+03,1.82694e-13
2.81584e+03,1.79323e-13
2.82996e+03,1.76029e-13
2.84415e+03,1.72807e-13
2.85842e+03,1.69654e-13
2.87275e+03,1.66513e-13
2.88715e+03,1.63447e-13
2.90163e+03,1.60415e-13
2.91618e+03,1.57495e-13
2.93080e+03,1.54608e-13
2.94550e+03,1.51748e-13
2.96027e+03,1.48959e-13
2.97511e+03,1.46185e-13
2.99003e+03,1.43524e-13
3.00503e+03,1.40867e-13
3.02009e+03,1.38237e-13
3.03524e+03,1.35688e-13
3.05046e+03,1.33206e-13
3.06576e+03,1.30752e-13
3.08113e+03,1.28303e-13
3.09658e+03,1.25955e-13
3.11211e+03,1.23622e-13
3.12771e+03,1.21336e-13
3.14339e+03,1.19087e-13
3.15916e+03,1.16866e-13
3.17500e+03,1.14721e-13
3.19092e+03,1.12589e-13
3.20692e+03,1.10497e-13
3.22300e+03,1.08433e-13
3.23916e+03,1.06440e-13
3.25541e+03,1.04458e-13
3.27173e+03,1.02482e-13
3.28813e+03,1.00606e-13
3.30462e+03,9.87451e-14
3.32119e+03,9.68960e-14
3.33785e+03,9.50780e-14
3.35459e+03,9.33322e-14
3.37141e+03,9.15909e-14
3.38831e+03,8.98502e-14
3.40530e+03,8.82032e-14
3.42238e+03,8.65697e-14
3.43954e+03,8.49486e-14
3.45679e+03,8.33535e-14
3.47412e+03,8.18148e-14
3.49154e+03,8.02873e-14
3.50905e+03,7.87647e-14
3.52665e+03,7.73094e-14
3.54433e+03,7.58643e-14
3.56210e+03,7.44504e-14
3.57996e+03,7.30520e-14
3.59792e+03,7.16868e-14
3.61596e+03,7.03484e-14
3.63409e+03,6.90246e-14
3.65231e+03,6.77304e-14
3.67063e+03,6.64447e-14
3.68903e+03,6.52217e-14
3.70753e+03,6.39975e-14
3.72612e+03,6.27756e-14
3.74481e+03,6.16051e-14
3.76358e+03,6.04631e-14
3.78246e+03,5.93187e-14
3.80142e+03,5.81808e-14
3.82049e+03,5.71136e-14
3.83964e+03,5.60476e-14
3.85890e+03,5.49868e-14
3.87825e+03,5.39515e-14
3.89769e+03,5.29284e-14
3.91724e+03,5.19431e-14
3.93688e+03,5.09606e-14
3.95662e+03,4.99875e-14
3.97646e+03,4.90409e-14
3.99640e+03,4.81369e-14
4.01644e+03,4.72283e-14
4.03658e+03,4.63152e-14
4.05682e+03,4.54542e-14
4.07717e+03,4.45986e-14
4.09761e+03,4.37586e-14
4.11816e+03,4.29262e-14
4.13881e+03,4.21063e-14
4.15956e+03,4.13195e-14
4.18042e+03,4.05475e-14
4.20138e+03,3.97718e-14
4.22245e+03,3.90025e-14
4.24362e+03,3.82785e-14
4.26490e+03,3.75595e-14
4.28629e+03,3.68487e-14
4.30778e+03,3.61461e-14
4.32938e+03,3.54454e-14
4.35109e+03,3.47901e-14
4.37291e+03,3.41354e-14
4.39484e+03,3.34789e-14
4.41688e+03,3.28379e-14
4.43902e+03,3.22179e-14
4.46128e+03,3.16134e-14
4.48365e+03,3.10141e-14
4.50614e+03,3.04119e-14
4.52873e+03,2.98186e-14
4.55144e+03,2.92703e-14
4.57426e+03,2.87201e-14
4.59720e+03,2.81682e-14
4.62025e+03,2.76291e-14
4.64342e+03,2.70938e-14
4.66671e+03,2.65923e-14
4.69011e+03,2.60898e-14
4.71363e+03,2.55848e-14
4.73726e+03,2.50923e-14
4.76102e+03,2.46148e-14
4.78489e+03,2.41518e-14
4.80888e+03,2.36932e-14
4.83300e+03,2.32339e-14
4.85723e+03,2.27813e-14
4.88159e+03,2.23569e-14
4.90607e+03,2.19346e-14
4.93067e+03,2.15148e-14
4.95539e+03,2.10948e-14
4.98024e+03,2.06734e-14
5.00521e+03,2.02954e-14
5.03031e+03,1.99162e-14
5.05554e+03,1.95351e-14
5.08089e+03,1.91556e-14
5.10636e+03,1.87776e-14
5.13197e+03,1.84241e-14
5.15770e+03,1.80778e-14
5.18357e+03,1.77323e-14
5.20956e+03,1.73879e-14
5.23568e+03,1.70500e-14
5.26194e+03,1.67243e-14
5.28832e+03,1.64104e-14
5.31484e+03,1.60955e-14
5.34149e+03,1.57792e-14
5.36828e+03,1.54749e-14
5.39519e+03,1.51755e-14
5.42225e+03,1.48925e-14
5.44944e+03,1.46081e-14
5.47676e+03,1.43223e-14
5.50423e+03,1.40442e-14
5.53183e+03,1.37681e-14
5.55957e+03,1.35112e-14
5.58744e+03,1.32537e-14
5.61546e+03,1.29965e-14
5.64362e+03,1.27436e-14
5.67192e+03,1.24943e-14
5.70036e+03,1.22587e-14
5.72895e+03,1.20259e-14
5.75767e+03,1.17926e-14
5.78654e+03,1.15608e-14
5.81556e+03,1.13346e-14
5.84472e+03,1.11180e-14
5.87403e+03,1.09091e-14
5.90348e+03,1.06992e-14
5.93309e+03,1.04885e-14
5.96284e+03,1.02816e-14
5.99274e+03,1.00800e-14
6.02279e+03,9.89160e-15
6.05299e+03,9.70305e-15
6.08334e+03,9.51419e-15
6.11385e+03,9.32573e-15
6.14450e+03,9.13801e-15
6.17532e+03,8.96873e-15
6.20628e+03,8.79874e-15
6.23740e+03,8.62819e-15
6.26868e+03,8.45759e-15
6.30011e+03,8.28673e-15
6.33170e+03,8.13051e-15
6.36345e+03,7.97692e-15
6.39536e+03,7.82438e-15
6.42743e+03,7.67112e-15
6.45966e+03,7.51719e-15
6.49205e+03,7.37057e-15
6.52461e+03,7.22893e-15
6.55732e+03,7.09202e-15
6.59021e+03,6.95546e-15
6.62325e+03,6.81822e-15
6.65646e+03,6.68291e-15
6.68984e+03,6.55188e-15
6.72339e+03,6.42594e-15
6.75710e+03,6.30322e-15
6.79098e+03,6.18091e-15
6.82504e+03,6.05844e-15
6.85926e+03,5.93771e-15
6.89366e+03,5.82092e-15
6.92822e+03,5.71167e-15
6.96297e+03,5.60195e-15
6.99788e+03,5.49174e-15
7.03297e+03,5.38166e-15
7.06824e+03,5.27259e-15
7.10368e+03,5.17377e-15
7.13930e+03,5.07521e-15
7.17510e+03,4.97743e-15
7.21108e+03,4.87916e-15
7.24724e+03,4.78040e-15
7.28358e+03,4.68696e-15
7.32010e+03,4.59478e-15
7.35681e+03,4.50823e-15
7.39370e+03,4.42124e-15
7.43078e+03,4.33382e-15
7.46804e+03,4.24680e-15
7.50548e+03,4.15981e-15
7.54312e+03,4.08135e-15
7.58094e+03,4.00367e-15
7.61896e+03,3.92616e-15
7.65716e+03,3.84836e-15
7.69556e+03,3.77031e-15
7.73415e+03,3.69646e-15
7.77293e+03,3.62470e-15
7.81191e+03,3.55536e-15
7.85108e+03,3.48602e-15
7.89045e+03,3.41663e-15
7.93001e+03,3.34801e-15
7.96978e+03,3.28065e-15
8.00974e+03,3.21752e-15
8.04991e+03,3.15638e-15
8.09027e+03,3.09494e-15
8.13084e+03,3.03320e-15
8.17161e+03,2.97122e-15
8.21259e+03,2.91182e-15
8.25377e+03,2.85599e-15
8.29516e+03,2.80130e-15
8.33675e+03,2.74701e-15
8.37856e+03,2.69244e-15
8.42057e+03,2.63792e-15
8.46280e+03,2.58459e-15
8.50523e+03,2.53355e-15
8.54788e+03,2.48553e-15
8.59074e+03,2.43748e-15
8.63382e+03,2.38928e-15
8.67711e+03,2.34084e-15
8.72063e+03,2.29307e-15
8.76435e+03,2.24870e-15
8.80830e+03,2.20503e-15
8.85247e+03,2.16227e-15
8.89686e+03,2.11961e-15
8.94147e+03,2.07687e-15
8.98631e+03,2.03461e-15
9.03137e+03,1.99327e-15
9.07666e+03,1.95577e-15
9.12217e+03,1.91808e-15
9.16792e+03,1.88022e-15
9.21389e+03,1.84235e-15
9.26009e+03,1.80437e-15
9.30652e+03,1.76898e-15
9.35319e+03,1.73406e-15
9.40009e+03,1.70094e-15
9.44723e+03,1.66766e-15
9.49460e+03,1.63420e-15
9.54221e+03,1.60062e-15
9.59006e+03,1.56688e-15
9.63815e+03,1.53731e-15
9.68648e+03,1.50779e-15
9.73505e+03,1.47856e-15
9.78387e+03,1.44918e-15
9.83293e+03,1.41966e-15
9.88223e+03,1.39064e-15
9.93179e+03,1.36170e-15
9.98159e+03,1.33610e-15
1.00316e+04,1.31040e-15
1.00819e+04,1.28466e-15
1.01325e+04,1.25879e-15
1.01833e+04,1.23280e-15
1.02344e+04,1.20811e-15
1.02857e+04,1.18378e-15
1.03373e+04,1.16113e-15
1.03891e+04,1.13842e-15
1.04412e+04,1.11578e-15
1.04936e+04,1.09301e-15
1.05462e+04,1.07014e-15
1.05991e+04,1.04915e-15
1.06522e+04,1.02867e-15
1.07056e+04,1.00873e-15
1.07593e+04,9.88726e-16
1.08133e+04,9.68745e-16
1.08675e+04,9.48791e-16
1.09220e+04,9.28847e-16
1.09767e+04,9.10933e-16
1.10318e+04,8.93510e-16
1.10871e+04,8.75999e-16
1.11427e+04,8.58416e-16
1.11986e+04,8.40785e-16
1.12547e+04,8.23549e-16
1.13112e+04,8.06628e-16
1.13679e+04,7.91071e-16
1.14249e+04,7.75801e-16
1.14822e+04,7.60454e-16
1.15397e+04,7.45032e-16
1.15976e+04,7.29537e-16
1.16558e+04,7.14654e-16
1.17142e+04,7.00242e-16
1.17730e+04,6.86722e-16
1.18320e+04,6.73356e-16
1.18913e+04,6.59923e-16
1.19509e+04,6.46424e-16
1.20109e+04,6.32856e-16
1.20711e+04,6.20012e-16
1.21316e+04,6.07694e-16
1.21925e+04,5.95940e-16
1.22536e+04,5.84259e-16
1.23150e+04,5.72519e-16
1.23768e+04,5.60720e-16
1.24389e+04,5.48862e-16
1.25012e+04,5.37792e-16
1.25639e+04,5.27264e-16
1.26269e+04,5.17020e-16
1.26902e+04,5.06792e-16
1.27539e+04,4.96538e-16
1.28178e+04,4.86233e-16
1.28821e+04,4.75876e-16
1.29467e+04,4.66352e-16
1.30116e+04,4.57374e-16
1.30769e+04,4.48434e-16
1.31424e+04,4.39472e-16
1.32083e+04,4.30530e-16
1.32746e+04,4.21580e-16
1.33411e+04,4.12651e-16
1.34080e+04,4.04437e-16
1.34753e+04,3.96664e-16
1.35428e+04,3.88853e-16
1.36108e+04,3.81014e-16
1.36790e+04,3.73203e-16
1.37476e+04,3.65432e-16
1.38165e+04,3.57756e-16
1.38858e+04,3.50659e-16
1.39554e+04,3.43894e-16
1.40254e+04,3.37095e-16
1.40958e+04,3.30267e-16
1.41664e+04,3.23435e-16
1.42375e+04,3.16683e-16
1.43089e+04,3.10079e-16
1.43806e+04,3.03946e-16
1.44527e+04,2.98069e-16
1.45252e+04,2.92161e-16
1.45980e+04,2.86225e-16
1.46712e+04,2.80260e-16
1.47448e+04,2.74390e-16
1.48187e+04,2.68681e-16
1.48930e+04,2.63371e-16
1.49677e+04,2.58263e-16
1.50428e+04,2.53129e-16
1.51182e+04,2.47969e-16
1.51940e+04,2.42784e-16
1.52702e+04,2.37686e-16
1.53468e+04,2.32724e-16
1.54237e+04,2.28125e-16
1.55011e+04,2.23697e-16
1.55788e+04,2.19247e-16
1.56569e+04,2.14775e-16
1.57354e+04,2.10280e-16
1.58143e+04,2.05859e-16
1.58936e+04,2.01545e-16
1.59733e+04,1.97559e-16
1.60534e+04,1.93718e-16
1.61339e+04,1.89863e-16
1.62148e+04,1.85989e-16
1.62961e+04,1.82096e-16
1.63779e+04,1.78267e-16
1.64600e+04,1.74525e-16
1.65425e+04,1.71063e-16
1.66255e+04,1.67717e-16
1.67088e+04,1.64377e-16
1.67926e+04,1.61021e-16
1.68768e+04,1.57649e-16
1.69615e+04,1.54328e-16
1.70465e+04,1.51073e-16
1.71320e+04,1.48068e-16
1.72179e+04,1.45157e-16
1.73042e+04,1.42266e-16
1.73910e+04,1.39362e-16
1.74782e+04,1.36446e-16
1.75659e+04,1.33568e-16
1.76539e+04,1.30735e-16
1.77425e+04,1.28136e-16
1.78314e+04,1.25622e-16
1.79208e+04,1.23110e-16
1.80107e+04,1.20589e-16
1.81010e+04,1.18070e-16
1.81918e+04,1.15572e-16
1.82830e+04,1.13100e-16
1.83747e+04,1.10855e-16
1.84668e+04,1.08685e-16
1.85594e+04,1.06505e-16
1.86525e+04,1.04321e-16
1.87460e+04,1.02145e-16
1.88400e+04,9.99771e-17
1.89345e+04,9.78179e-17
1.90294e+04,9.58787e-17
1.91249e+04,9.40086e-17
1.92208e+04,9.21291e-17
1.93171e+04,9.02425e-17
1.94140e+04,8.83537e-17
1.95114e+04,8.64630e-17
1.96092e+04,8.45703e-17
1.97075e+04,8.28945e-17
1.98063e+04,8.12820e-17
1.99057e+04,7.96615e-17
2.00055e+04,7.79871e-17
2.01058e+04,7.61779e-17
2.02066e+04,7.31891e-17
2.03079e+04,6.91003e-17
2.04098e+04,6.71516e-17
2.05121e+04,6.58301e-17
2.06150e+04,6.45273e-17
2.07183e+04,6.32179e-17
2.08222e+04,6.19019e-17
2.09266e+04,6.05793e-17
2.10316e+04,5.92501e-17
2.11370e+04,5.80521e-17
2.12430e+04,5.68876e-17
2.13496e+04,5.57660e-17
2.14566e+04,5.46387e-17
2.15642e+04,5.35058e-17
2.16723e+04,5.23672e-17
2.17810e+04,5.12229e-17
2.18902e+04,2.77051e-17
2.20000e+04,0.00000e+00
