8.10000e+00,0.00000e+00
8.17108e+00,0.00000e+00
8.24278e+00,0.00000e+00
8.31511e+00,0.00000e+00
8.38807e+00,0.00000e+00
8.46168e+00,0.00000e+00
8.53593e+00,0.00000e+00
8.61083e+00,0.00000e+00
8.68639e+00,0.00000e+00
8.76261e+00,0.00000e+00
8.83950e+00,0.00000e+00
8.91707e+00,0.00000e+00
8.99531e+00,0.00000e+00
9.07425e+00,0.00000e+00
9.15387e+00,3.35793e-08
9.23420e+00,3.22027e-08
9.31523e+00,3.08710e-08
9.39697e+00,2.95860e-08
9.47943e+00,2.83410e-08
9.56261e+00,2.71411e-08
9.64652e+00,2.59777e-08
9.73117e+00,2.48606e-08
9.81656e+00,2.37797e-08
9.90270e+00,2.27354e-08
9.98959e+00,2.17299e-08
1.00772e+01,2.07641e-08
1.01657e+01,1.98334e-08
1.02549e+01,1.89372e-08
1.03449e+01,1.80748e-08
1.04356e+01,1.72452e-08
1.05272e+01,1.64477e-08
1.06196e+01,1.56810e-08
1.07128e+01,1.49441e-08
1.08068e+01,1.42357e-08
1.09016e+01,1.35547e-08
1.09973e+01,1.29067e-08
1.10938e+01,1.22851e-08
1.11911e+01,1.16883e-08
1.12893e+01,1.11146e-08
1.13884e+01,1.05627e-08
1.14883e+01,1.00405e-08
1.15891e+01,9.54050e-09
1.16908e+01,9.05883e-09
1.17934e+01,8.59500e-09
1.18969e+01,8.16071e-09
1.20013e+01,7.74144e-09
1.21066e+01,7.33598e-09
1.22128e+01,6.95781e-09
1.23200e+01,6.59323e-09
1.24281e+01,6.24017e-09
1.25372e+01,5.91371e-09
1.26472e+01,5.59608e-09
1.27581e+01,5.29392e-09
1.28701e+01,5.00966e-09
1.29830e+01,4.73173e-09
1.30970e+01,4.47663e-09
1.32119e+01,4.22757e-09
1.33278e+01,3.99344e-09
1.34448e+01,3.77065e-09
1.35627e+01,3.55651e-09
1.36818e+01,3.35748e-09
1.38018e+01,3.16245e-09
1.39229e+01,2.98480e-09
1.40451e+01,2.80786e-09
1.41683e+01,2.64938e-09
1.42927e+01,2.49061e-09
1.44181e+01,2.34812e-09
1.45446e+01,2.20559e-09
1.46722e+01,2.07803e-09
1.48010e+01,1.95000e-09
1.49309e+01,1.83629e-09
1.50619e+01,1.72159e-09
1.51940e+01,1.62027e-09
1.53274e+01,1.51856e-09
1.54619e+01,1.42753e-09
1.55975e+01,1.33779e-09
1.57344e+01,1.25671e-09
1.58725e+01,1.17901e-09
1.60118e+01,1.10641e-09
1.61523e+01,1.03948e-09
1.62940e+01,9.74522e-10
1.64370e+01,9.17255e-10
1.65812e+01,8.59706e-10
1.67267e+01,8.10383e-10
1.68735e+01,7.61486e-10
1.70215e+01,7.17085e-10
1.71709e+01,6.75877e-10
1.73216e+01,6.35800e-10
1.74736e+01,6.01404e-10
1.76269e+01,5.66733e-10
1.77816e+01,5.36736e-10
1.79376e+01,5.08046e-10
1.80950e+01,4.80710e-10
1.82538e+01,4.57248e-10
1.84140e+01,4.33527e-10
1.85755e+01,4.13383e-10
1.87385e+01,3.94205e-10
1.89030e+01,3.75635e-10
1.90688e+01,3.60358e-10
1.92362e+01,3.44854e-10
1.94050e+01,3.31336e-10
1.95752e+01,3.19177e-10
1.97470e+01,3.06787e-10
1.99203e+01,2.97209e-10
2.00951e+01,2.87656e-10
2.02714e+01,2.78552e-10
2.04493e+01,2.71378e-10
2.06287e+01,2.64017e-10
2.08098e+01,2.57599e-10
2.09924e+01,2.52197e-10
2.11766e+01,2.46641e-10
2.13624e+01,2.42288e-10
2.15499e+01,2.38319e-10
2.17390e+01,2.34215e-10
2.19297e+01,2.31388e-10
2.21221e+01,2.28557e-10
2.23163e+01,2.25638e-10
2.25121e+01,2.23865e-10
2.27096e+01,2.21927e-10
2.29089e+01,2.20015e-10
2.31099e+01,2.18886e-10
2.33127e+01,2.17643e-10
2.35173e+01,2.16448e-10
2.37236e+01,2.15783e-10
2.39318e+01,2.15065e-10
2.41418e+01,2.14308e-10
2.43537e+01,2.14007e-10
2.45674e+01,2.13606e-10
2.47829e+01,2.13168e-10
2.50004e+01,2.13078e-10
2.52198e+01,2.12869e-10
2.54411e+01,2.12645e-10
2.56643e+01,2.12616e-10
2.58895e+01,2.12566e-10
2.61167e+01,2.12387e-10
2.63459e+01,2.12423e-10
2.65771e+01,2.12345e-10
2.68103e+01,2.12258e-10
2.70455e+01,2.12177e-10
2.72829e+01,2.12113e-10
2.75223e+01,2.11949e-10
2.77638e+01,2.11816e-10
2.80074e+01,2.11632e-10
2.82532e+01,2.11417e-10
2.85011e+01,2.11155e-10
2.87512e+01,2.10863e-10
2.90035e+01,2.10536e-10
2.92580e+01,2.10147e-10
2.95147e+01,2.09732e-10
2.97737e+01,2.09243e-10
3.00349e+01,2.08750e-10
3.02985e+01,2.08158e-10
3.05644e+01,2.07541e-10
3.08326e+01,2.06891e-10
3.11031e+01,2.06169e-10
3.13761e+01,2.05405e-10
3.16514e+01,2.04588e-10
3.19291e+01,2.03752e-10
3.22093e+01,2.02814e-10
3.24919e+01,2.01853e-10
3.27770e+01,2.00879e-10
3.30647e+01,1.99810e-10
3.33548e+01,1.98710e-10
3.36475e+01,1.97586e-10
3.39427e+01,1.96417e-10
3.42406e+01,1.95175e-10
3.45410e+01,1.93911e-10
3.48441e+01,1.92636e-10
3.51499e+01,1.91279e-10
3.54583e+01,1.89897e-10
3.57695e+01,1.88502e-10
3.60833e+01,1.87068e-10
3.64000e+01,1.85571e-10
3.67194e+01,1.84063e-10
3.70416e+01,1.82550e-10
3.73666e+01,1.80969e-10
3.76945e+01,1.79370e-10
3.80253e+01,1.77768e-10
3.83590e+01,1.76136e-10
3.86955e+01,1.74460e-10
3.90351e+01,1.72779e-10
3.93776e+01,1.71083e-10
3.97232e+01,1.69363e-10
4.00717e+01,1.67618e-10
4.04234e+01,1.65858e-10
4.07781e+01,1.64113e-10
4.11359e+01,1.62320e-10
4.14969e+01,1.60513e-10
4.18610e+01,1.58729e-10
4.22283e+01,1.56916e-10
4.25989e+01,1.55075e-10
4.29727e+01,1.53258e-10
4.33498e+01,1.51425e-10
4.37301e+01,1.49566e-10
4.41139e+01,1.47730e-10
4.45010e+01,1.45877e-10
4.48915e+01,1.44011e-10
4.52854e+01,1.42172e-10
4.56828e+01,1.40317e-10
4.60836e+01,1.38445e-10
4.64880e+01,1.36614e-10
4.68959e+01,1.34773e-10
4.73074e+01,1.32916e-10
4.77226e+01,1.31092e-10
4.81413e+01,1.29271e-10
4.85638e+01,1.27442e-10
4.89899e+01,1.25641e-10
4.94198e+01,1.23838e-10
4.98534e+01,1.22040e-10
5.02909e+01,1.20264e-10
5.07322e+01,1.18500e-10
5.11774e+01,1.16721e-10
5.16264e+01,1.14974e-10
5.20795e+01,1.13253e-10
5.25365e+01,1.11517e-10
5.29975e+01,1.09775e-10
5.34625e+01,1.08100e-10
5.39316e+01,1.06411e-10
5.44049e+01,1.04707e-10
5.48823e+01,1.03047e-10
5.53639e+01,1.01412e-10
5.58497e+01,9.97634e-11
5.63398e+01,9.81272e-11
5.68341e+01,9.65269e-11
5.73329e+01,9.49368e-11
5.78359e+01,9.33380e-11
5.83435e+01,9.17805e-11
5.88554e+01,9.02334e-11
5.93719e+01,8.86951e-11
5.98928e+01,8.71851e-11
6.04184e+01,8.56806e-11
6.09486e+01,8.41934e-11
6.14834e+01,8.27290e-11
6.20229e+01,8.12955e-11
6.25671e+01,7.98494e-11
6.31162e+01,7.84252e-11
6.36700e+01,7.70522e-11
6.42287e+01,7.56790e-11
6.47923e+01,7.42938e-11
6.53609e+01,7.29505e-11
6.59344e+01,7.16511e-11
6.65130e+01,7.03404e-11
6.70966e+01,6.90181e-11
6.76854e+01,6.77658e-11
6.82793e+01,6.65302e-11
6.88785e+01,6.52837e-11
6.94829e+01,6.40374e-11
7.00926e+01,6.28599e-11
7.07076e+01,6.16868e-11
7.13281e+01,6.05035e-11
7.19540e+01,5.93419e-11
7.25854e+01,5.82268e-11
7.32223e+01,5.71174e-11
7.38648e+01,5.59986e-11
7.45130e+01,5.49209e-11
7.51668e+01,5.38683e-11
7.58264e+01,5.28233e-11
7.64918e+01,5.17858e-11
7.71630e+01,5.07687e-11
7.78401e+01,4.97734e-11
7.85231e+01,4.87881e-11
7.92122e+01,4.78268e-11
7.99073e+01,4.68720e-11
8.06084e+01,4.59347e-11
8.13158e+01,4.50100e-11
8.20293e+01,4.41185e-11
8.27491e+01,4.32197e-11
8.34752e+01,4.23342e-11
8.42077e+01,4.14757e-11
8.49466e+01,4.06406e-11
8.56920e+01,3.97983e-11
8.64440e+01,3.89650e-11
8.72025e+01,3.81738e-11
8.79677e+01,3.73962e-11
8.87396e+01,3.66118e-11
8.95183e+01,3.58318e-11
9.03038e+01,3.51033e-11
9.10962e+01,3.43781e-11
9.18956e+01,3.36466e-11
9.27020e+01,3.29139e-11
9.35154e+01,3.22455e-11
9.43360e+01,3.15741e-11
9.51638e+01,3.08967e-11
9.59989e+01,3.02166e-11
9.68412e+01,2.96005e-11
9.76910e+01,2.89798e-11
9.85482e+01,2.83536e-11
9.94130e+01,2.77297e-11
1.00285e+02,2.71553e-11
1.01165e+02,2.65826e-11
1.02053e+02,2.60048e-11
1.02949e+02,2.54332e-11
1.03852e+02,2.48975e-11
1.04763e+02,2.43689e-11
1.05683e+02,2.38356e-11
1.06610e+02,2.33114e-11
1.07545e+02,2.28114e-11
1.08489e+02,2.23227e-11
1.09441e+02,2.18297e-11
1.10401e+02,2.13474e-11
1.11370e+02,2.08803e-11
1.12347e+02,2.04294e-11
1.13333e+02,1.99746e-11
1.14328e+02,1.95310e-11
1.15331e+02,1.90944e-11
1.16343e+02,3.33581e-10
1.17364e+02,3.79134e-10
1.18394e+02,4.14961e-10
1.19433e+02,4.41946e-10
1.20481e+02,4.61534e-10
1.21538e+02,4.75192e-10
1.22604e+02,4.84205e-10
1.23680e+02,4.89500e-10
1.24765e+02,4.91953e-10
1.25860e+02,4.92134e-10
1.26965e+02,4.90467e-10
1.28079e+02,4.87332e-10
1.29203e+02,4.83022e-10
1.30336e+02,4.77797e-10
1.31480e+02,4.71813e-10
1.32634e+02,4.65215e-10
1.33798e+02,4.58132e-10
1.34972e+02,4.50650e-10
1.36156e+02,4.42882e-10
1.37351e+02,4.34841e-10
1.38556e+02,4.26602e-10
1.39772e+02,4.18216e-10
1.40998e+02,4.09723e-10
1.42236e+02,4.01167e-10
1.43484e+02,3.92566e-10
1.44743e+02,3.83949e-10
1.46013e+02,3.75347e-10
1.47294e+02,3.66774e-10
1.48587e+02,3.58244e-10
1.49891e+02,3.49780e-10
1.51206e+02,3.41405e-10
1.52533e+02,3.33119e-10
1.53871e+02,3.24923e-10
1.55221e+02,3.16822e-10
1.56583e+02,3.08842e-10
1.57957e+02,3.00998e-10
1.59343e+02,2.93300e-10
1.60742e+02,2.85719e-10
1.62152e+02,2.78264e-10
1.63575e+02,2.70934e-10
1.65010e+02,2.63799e-10
1.66458e+02,2.56787e-10
1.67919e+02,2.49887e-10
1.69393e+02,2.76811e-10
1.70879e+02,2.69546e-10
1.72378e+02,2.62418e-10
1.73891e+02,2.55460e-10
1.75417e+02,2.48736e-10
1.76956e+02,2.42116e-10
1.78509e+02,2.35688e-10
1.80075e+02,2.29429e-10
1.81655e+02,2.23256e-10
1.83249e+02,2.17351e-10
1.84857e+02,2.11511e-10
1.86480e+02,2.05836e-10
1.88116e+02,2.00315e-10
1.89767e+02,1.94882e-10
1.91432e+02,1.89661e-10
1.93112e+02,1.84461e-10
1.94806e+02,1.79518e-10
1.96516e+02,1.74606e-10
1.98240e+02,1.69900e-10
1.99980e+02,1.65240e-10
2.01734e+02,1.60756e-10
2.03505e+02,1.56343e-10
2.05290e+02,1.52087e-10
2.07092e+02,1.47896e-10
2.08909e+02,1.43854e-10
2.10742e+02,1.39876e-10
2.12591e+02,1.36056e-10
2.14457e+02,1.32272e-10
2.16339e+02,1.28658e-10
2.18237e+02,1.25055e-10
2.20152e+02,1.21652e-10
2.22084e+02,1.18227e-10
2.24033e+02,1.15005e-10
2.25998e+02,1.11779e-10
2.27982e+02,1.08707e-10
2.29982e+02,1.05678e-10
2.32000e+02,1.02737e-10
2.34036e+02,9.98904e-11
2.36090e+02,9.70720e-11
2.38161e+02,9.44104e-11
2.40251e+02,9.17333e-11
2.42359e+02,8.92072e-11
2.44486e+02,8.67040e-11
2.46631e+02,8.42768e-11
2.48795e+02,8.19376e-11
2.50979e+02,7.95908e-11
2.53181e+02,7.74114e-11
2.55403e+02,7.52211e-11
2.57644e+02,7.31150e-11
2.59905e+02,7.10756e-11
2.62185e+02,6.90284e-11
2.64486e+02,6.71341e-11
2.66807e+02,6.52307e-11
2.69148e+02,6.33875e-11
2.71510e+02,6.16200e-11
2.73892e+02,5.98441e-11
2.76296e+02,5.81861e-11
2.78720e+02,5.65396e-11
2.81166e+02,5.49151e-11
2.83633e+02,5.33912e-11
2.86122e+02,5.18641e-11
2.88633e+02,5.03919e-11
2.91165e+02,4.89789e-11
2.93720e+02,4.75609e-11
2.96298e+02,4.62271e-11
2.98898e+02,4.49192e-11
3.01520e+02,4.36065e-11
3.04166e+02,4.23949e-11
3.06835e+02,4.11846e-11
3.09528e+02,3.99836e-11
3.12244e+02,3.88692e-11
3.14984e+02,3.77487e-11
3.17748e+02,3.66548e-11
3.20536e+02,3.56242e-11
3.23349e+02,3.45958e-11
3.26186e+02,3.35907e-11
3.29048e+02,3.26466e-11
3.31936e+02,3.16951e-11
3.34848e+02,3.07784e-11
3.37786e+02,2.99067e-11
3.40751e+02,2.90328e-11
3.43741e+02,2.81907e-11
3.46757e+02,2.73884e-11
3.49800e+02,2.65891e-11
3.52869e+02,2.58106e-11
3.55966e+02,2.50789e-11
3.59089e+02,2.43431e-11
3.62240e+02,2.36262e-11
3.65419e+02,2.29558e-11
3.68625e+02,2.22806e-11
3.71860e+02,2.16207e-11
3.75123e+02,2.10059e-11
3.78415e+02,2.03897e-11
3.81735e+02,1.97772e-11
3.85085e+02,1.92143e-11
3.88464e+02,1.86539e-11
3.91873e+02,1.80910e-11
3.95311e+02,1.75711e-11
3.98780e+02,1.70611e-11
4.02279e+02,1.65467e-11
4.05809e+02,1.60642e-11
4.09370e+02,1.55985e-11
4.12963e+02,1.51294e-11
4.16586e+02,1.46808e-11
4.20242e+02,1.42562e-11
4.23929e+02,1.38303e-11
4.27649e+02,1.34104e-11
4.31402e+02,1.30250e-11
4.35187e+02,1.26393e-11
4.39006e+02,1.22546e-11
4.42858e+02,1.18953e-11
4.46744e+02,1.15468e-11
4.50665e+02,1.11979e-11
4.54619e+02,1.08594e-11
4.58608e+02,1.05443e-11
4.62633e+02,1.02283e-11
4.66692e+02,9.91007e-12
4.70787e+02,9.62530e-12
4.74919e+02,9.33945e-12
4.79086e+02,9.05134e-12
4.83290e+02,8.78273e-12
4.87531e+02,8.52472e-12
4.91809e+02,8.26454e-12
4.96124e+02,8.01001e-12
5.00478e+02,7.77748e-12
5.04869e+02,7.54317e-12
5.09300e+02,7.31169e-12
5.13769e+02,7.09262e-12
5.18277e+02,6.88149e-12
5.22825e+02,6.67341e-12
5.27413e+02,6.46532e-12
5.32041e+02,6.27542e-12
5.36709e+02,6.08783e-12
5.41419e+02,5.90001e-12
5.46170e+02,5.72024e-12
5.50962e+02,5.55132e-12
5.55797e+02,5.38259e-12
5.60674e+02,5.21269e-12
5.65594e+02,5.05942e-12
5.70557e+02,4.90835e-12
5.75564e+02,4.75605e-12
5.80614e+02,4.60830e-12
5.85709e+02,4.47346e-12
5.90849e+02,4.33743e-12
5.96033e+02,4.20039e-12
6.01263e+02,4.07473e-12
6.06539e+02,3.95324e-12
6.11862e+02,3.83086e-12
6.17231e+02,3.70998e-12
6.22647e+02,3.60101e-12
6.28111e+02,3.49167e-12
6.33622e+02,3.38313e-12
6.39182e+02,3.27831e-12
6.44791e+02,3.18078e-12
6.50449e+02,3.08286e-12
6.56157e+02,2.98702e-12
6.61914e+02,2.89579e-12
6.67723e+02,2.80841e-12
6.73582e+02,2.72229e-12
6.79492e+02,2.63639e-12
6.85455e+02,2.55689e-12
6.91470e+02,2.47939e-12
6.97537e+02,2.40300e-12
7.03658e+02,2.32610e-12
7.09833e+02,2.25667e-12
7.16061e+02,2.18867e-12
7.22345e+02,2.12045e-12
7.28683e+02,2.05306e-12
7.35077e+02,1.99169e-12
7.41528e+02,1.93135e-12
7.48035e+02,1.87048e-12
7.54599e+02,1.81134e-12
7.61220e+02,1.75746e-12
7.67900e+02,1.70366e-12
7.74638e+02,1.64940e-12
7.81435e+02,1.59805e-12
7.88292e+02,1.55035e-12
7.95210e+02,1.50240e-12
8.02188e+02,1.45412e-12
8.09227e+02,1.40976e-12
8.16328e+02,1.36728e-12
8.23491e+02,1.32452e-12
8.30717e+02,1.28172e-12
8.38006e+02,1.24318e-12
8.45360e+02,1.20543e-12
8.52778e+02,1.16738e-12
8.60261e+02,1.12982e-12
8.67810e+02,1.09590e-12
8.75425e+02,1.06236e-12
8.83106e+02,1.02853e-12
8.90855e+02,9.95592e-13
8.98673e+02,9.65731e-13
9.06558e+02,9.36004e-13
9.14513e+02,9.06159e-13
9.22538e+02,8.77185e-13
9.30633e+02,8.50799e-13
9.38800e+02,8.24446e-13
9.47038e+02,7.98313e-13
9.55348e+02,7.72646e-13
9.63731e+02,7.49303e-13
9.72188e+02,7.25988e-13
9.80718e+02,7.03146e-13
9.89324e+02,6.80467e-13
9.98005e+02,6.59756e-13
1.00676e+03,6.39086e-13
1.01560e+03,6.19104e-13
1.02451e+03,5.99061e-13
1.03350e+03,5.80706e-13
1.04257e+03,5.62469e-13
1.05172e+03,5.44939e-13
1.06094e+03,5.27255e-13
1.07025e+03,5.10992e-13
1.07965e+03,4.95003e-13
1.08912e+03,4.79547e-13
1.09868e+03,4.63969e-13
1.10832e+03,4.49547e-13
1.11804e+03,4.35548e-13
1.12785e+03,4.21900e-13
1.13775e+03,4.08177e-13
1.14773e+03,3.95380e-13
1.15781e+03,3.83142e-13
1.16797e+03,3.71100e-13
1.17821e+03,3.59019e-13
1.18855e+03,3.47640e-13
1.19898e+03,3.36927e-13
1.20950e+03,3.26321e-13
1.22012e+03,3.15664e-13
1.23082e+03,3.05551e-13
1.24162e+03,2.96188e-13
1.25252e+03,2.86875e-13
1.26351e+03,2.77489e-13
1.27460e+03,2.68493e-13
1.28578e+03,2.60303e-13
1.29706e+03,2.52128e-13
1.30845e+03,2.43881e-13
1.31993e+03,2.35861e-13
1.33151e+03,2.28700e-13
1.34319e+03,2.21532e-13
1.35498e+03,2.14300e-13
1.36687e+03,2.07143e-13
1.37886e+03,2.00874e-13
1.39096e+03,1.94589e-13
1.40317e+03,1.88249e-13
1.41548e+03,1.81875e-13
1.42790e+03,1.76371e-13
1.44043e+03,1.70867e-13
1.45307e+03,1.65316e-13
1.46582e+03,1.59715e-13
1.47868e+03,1.54808e-13
1.49166e+03,1.49991e-13
1.50475e+03,1.45133e-13
1.51795e+03,1.40232e-13
1.53127e+03,1.35850e-13
1.54471e+03,1.31629e-13
1.55826e+03,1.27384e-13
1.57194e+03,1.23101e-13
1.58573e+03,1.19189e-13
1.59965e+03,1.15486e-13
1.61368e+03,1.11778e-13
1.62784e+03,1.08038e-13
1.64213e+03,1.04540e-13
1.65654e+03,1.01303e-13
1.67107e+03,9.80557e-14
1.68574e+03,9.47902e-14
1.70053e+03,9.16625e-14
1.71545e+03,8.88389e-14
1.73050e+03,8.59933e-14
1.74569e+03,8.31444e-14
1.76101e+03,8.03888e-14
1.77646e+03,7.78848e-14
1.79205e+03,7.54029e-14
1.80777e+03,7.29120e-14
1.82364e+03,7.04939e-14
1.83964e+03,6.82630e-14
1.85578e+03,6.61011e-14
1.87207e+03,6.39221e-14
1.88849e+03,8.30193e-13
1.90506e+03,7.95152e-13
1.92178e+03,7.63664e-13
1.93864e+03,7.33653e-13
1.95566e+03,7.05209e-13
1.97282e+03,6.78440e-13
1.99013e+03,6.53435e-13
2.00759e+03,6.29926e-13
2.02521e+03,6.07850e-13
2.04298e+03,5.87170e-13
2.06091e+03,5.67654e-13
2.07899e+03,5.49104e-13
2.09723e+03,5.31381e-13
2.11564e+03,5.14455e-13
2.13420e+03,4.98223e-13
2.15293e+03,4.82589e-13
2.17182e+03,4.67421e-13
2.19088e+03,4.52833e-13
2.21010e+03,4.38645e-13
2.22950e+03,4.24992e-13
2.24906e+03,4.11681e-13
2.26879e+03,3.98756e-13
2.28870e+03,3.86264e-13
2.30879e+03,3.74171e-13
2.32905e+03,3.62405e-13
2.34948e+03,3.50974e-13
2.37010e+03,3.39905e-13
2.39090e+03,3.29195e-13
2.41188e+03,3.18813e-13
2.43304e+03,3.08734e-13
2.45439e+03,2.98989e-13
2.47593e+03,2.89533e-13
2.49765e+03,2.80396e-13
2.51957e+03,2.71515e-13
2.54168e+03,2.62927e-13
2.56398e+03,2.54572e-13
2.58648e+03,2.46520e-13
2.60918e+03,2.38730e-13
2.63207e+03,2.31177e-13
2.65517e+03,2.23829e-13
2.67847e+03,2.16707e-13
2.70197e+03,2.09870e-13
2.72568e+03,2.03206e-13
2.74960e+03,1.96715e-13
2.77373e+03,1.90482e-13
2.79807e+03,1.84446e-13
2.82262e+03,1.78529e-13
2.84739e+03,1.72878e-13
2.87237e+03,1.67373e-13
2.89758e+03,1.61984e-13
2.92300e+03,1.56860e-13
2.94865e+03,1.51846e-13
2.97453e+03,1.46978e-13
3.00063e+03,1.42301e-13
3.02696e+03,1.37685e-13
3.05352e+03,1.33333e-13
3.08031e+03,1.29034e-13
3.10734e+03,1.24906e-13
3.13461e+03,1.20894e-13
3.16212e+03,1.17000e-13
3.18986e+03,1.13262e-13
3.21785e+03,1.09585e-13
3.24609e+03,1.06086e-13
3.27457e+03,1.02623e-13
3.30331e+03,9.93627e-14
3.33229e+03,9.61135e-14
3.36154e+03,9.30487e-14
3.39103e+03,8.99976e-14
3.42079e+03,8.71346e-14
3.45081e+03,8.42863e-14
3.48109e+03,8.15854e-14
3.51163e+03,7.89160e-14
3.54245e+03,7.63787e-14
3.57353e+03,7.38948e-14
3.60489e+03,7.14989e-14
3.63652e+03,6.91780e-14
3.66843e+03,6.69109e-14
3.70062e+03,6.47625e-14
3.73310e+03,6.26186e-14
3.76585e+03,6.06167e-14
3.79890e+03,5.86039e-14
3.83223e+03,5.67292e-14
3.86586e+03,5.48681e-14
3.89978e+03,5.30750e-14
3.93400e+03,5.13505e-14
3.96852e+03,4.96409e-14
4.00335e+03,4.80548e-14
4.03848e+03,4.64548e-14
4.07391e+03,4.49503e-14
4.10966e+03,4.34742e-14
4.14572e+03,4.20360e-14
4.18210e+03,4.06832e-14
4.21880e+03,3.93190e-14
4.25582e+03,3.80467e-14
4.29316e+03,3.67994e-14
4.33084e+03,3.55721e-14
4.36884e+03,3.44256e-14
4.40718e+03,3.32723e-14
4.44585e+03,3.21841e-14
4.48486e+03,3.11343e-14
4.52421e+03,3.00755e-14
4.56391e+03,2.91123e-14
4.60396e+03,2.81440e-14
4.64436e+03,2.72060e-14
4.68512e+03,2.63268e-14
4.72623e+03,2.54400e-14
4.76770e+03,2.46020e-14
4.80954e+03,2.37982e-14
4.85174e+03,2.29909e-14
4.89431e+03,2.22455e-14
4.93726e+03,2.15091e-14
4.98058e+03,2.07708e-14
5.02429e+03,2.01070e-14
5.06838e+03,1.94379e-14
5.11285e+03,1.87750e-14
5.15772e+03,1.81681e-14
5.20297e+03,1.75605e-14
5.24863e+03,1.69672e-14
5.29469e+03,1.64167e-14
5.34115e+03,1.58625e-14
5.38801e+03,1.53273e-14
5.43529e+03,1.48302e-14
5.48299e+03,1.43290e-14
5.53110e+03,1.38444e-14
5.57964e+03,1.33926e-14
5.62860e+03,1.29410e-14
5.67799e+03,1.25038e-14
5.72781e+03,1.20961e-14
5.77807e+03,1.16858e-14
5.82878e+03,1.12886e-14
5.87992e+03,1.09221e-14
5.93152e+03,1.05527e-14
5.98357e+03,1.01892e-14
6.03607e+03,9.85824e-15
6.08904e+03,9.52694e-15
6.14247e+03,9.19584e-15
6.19637e+03,8.89825e-15
6.25074e+03,8.59881e-15
6.30559e+03,8.29920e-15
6.36092e+03,8.02981e-15
6.41674e+03,7.76173e-15
6.47305e+03,7.49155e-15
6.52985e+03,7.24314e-15
6.58714e+03,7.00389e-15
6.64495e+03,6.76268e-15
6.70326e+03,6.53270e-15
6.76208e+03,6.31750e-15
6.82141e+03,6.10252e-15
6.88127e+03,5.89025e-15
6.94165e+03,5.69849e-15
7.00257e+03,5.50528e-15
7.06401e+03,5.31174e-15
7.12600e+03,5.13797e-15
7.18853e+03,4.96630e-15
7.25161e+03,4.79321e-15
7.31524e+03,4.63017e-15
7.37943e+03,4.47799e-15
7.44418e+03,4.32448e-15
7.50951e+03,4.17205e-15
7.57540e+03,4.03587e-15
7.64188e+03,3.89963e-15
7.70893e+03,3.76262e-15
7.77658e+03,3.63679e-15
7.84482e+03,3.51532e-15
7.91365e+03,3.39338e-15
7.98310e+03,3.27514e-15
8.05315e+03,3.16789e-15
8.12381e+03,3.05981e-15
8.19510e+03,2.95094e-15
8.26701e+03,2.85294e-15
8.33955e+03,2.75772e-15
8.41273e+03,2.66171e-15
8.48655e+03,2.56803e-15
8.56102e+03,2.48373e-15
8.63614e+03,2.39924e-15
8.71193e+03,2.31401e-15
8.78837e+03,2.23605e-15
8.86549e+03,2.16101e-15
8.94328e+03,2.08610e-15
9.02176e+03,2.01180e-15
9.10093e+03,1.94588e-15
9.18079e+03,1.87945e-15
9.26135e+03,1.81290e-15
9.34261e+03,1.75076e-15
9.42459e+03,1.69254e-15
9.50729e+03,1.63385e-15
9.59072e+03,1.57475e-15
9.67488e+03,1.52283e-15
9.75977e+03,1.47145e-15
9.84542e+03,1.41965e-15
9.93181e+03,1.36896e-15
1.00190e+04,1.32391e-15
1.01069e+04,1.27868e-15
1.01956e+04,1.23306e-15
1.02850e+04,1.19040e-15
1.03753e+04,1.15055e-15
1.04663e+04,1.11076e-15
1.05582e+04,1.07062e-15
1.06508e+04,1.03468e-15
1.07443e+04,9.99612e-16
1.08385e+04,9.64523e-16
1.09337e+04,9.29542e-16
1.10296e+04,8.98995e-16
1.11264e+04,8.68200e-16
1.12240e+04,8.37240e-16
1.13225e+04,8.07556e-16
1.14219e+04,7.80785e-16
1.15221e+04,7.53786e-16
1.16232e+04,7.26583e-16
1.17252e+04,7.01301e-16
1.18281e+04,6.77875e-16
1.19319e+04,6.54244e-16
1.20366e+04,6.30422e-16
1.21422e+04,6.08819e-16
1.22487e+04,5.88351e-16
1.23562e+04,5.67703e-16
1.24646e+04,5.46876e-16
1.25740e+04,5.28414e-16
1.26843e+04,5.10490e-16
1.27957e+04,4.92459e-16
1.29079e+04,4.74269e-16
1.30212e+04,4.58518e-16
1.31355e+04,4.42807e-16
1.32507e+04,4.27086e-16
1.33670e+04,4.11406e-16
1.34843e+04,3.97763e-16
1.36026e+04,3.84018e-16
1.37220e+04,3.70289e-16
1.38424e+04,3.56811e-16
1.39639e+04,3.44940e-16
1.40864e+04,3.32972e-16
1.42100e+04,3.20964e-16
1.43347e+04,3.09369e-16
1.44605e+04,2.99056e-16
1.45874e+04,2.88652e-16
1.47154e+04,2.78172e-16
1.48445e+04,2.68150e-16
1.49747e+04,2.59190e-16
1.51061e+04,2.50151e-16
1.52387e+04,2.41037e-16
1.53724e+04,2.32329e-16
1.55073e+04,2.24562e-16
1.56434e+04,2.16727e-16
1.57807e+04,2.08824e-16
1.59191e+04,2.01254e-16
1.60588e+04,1.94519e-16
1.61997e+04,1.87735e-16
1.63419e+04,1.80892e-16
1.64853e+04,1.74324e-16
1.66299e+04,1.68457e-16
1.67759e+04,1.62580e-16
1.69231e+04,1.56652e-16
1.70716e+04,1.50937e-16
1.72214e+04,1.45836e-16
1.73725e+04,1.40750e-16
1.75249e+04,1.35626e-16
1.76787e+04,1.30652e-16
1.78338e+04,1.26242e-16
1.79903e+04,1.21823e-16
1.81482e+04,1.17397e-16
1.83075e+04,1.13059e-16
1.84681e+04,1.09253e-16
1.86302e+04,1.05418e-16
1.87936e+04,1.01596e-16
1.89585e+04,9.78065e-17
1.91249e+04,9.45262e-17
1.92927e+04,9.12183e-17
1.94620e+04,8.79006e-17
1.96328e+04,8.45804e-17
1.98051e+04,8.17528e-17
1.99789e+04,7.89003e-17
2.01542e+04,7.53055e-17
2.03310e+04,6.81689e-17
2.05094e+04,6.58642e-17
2.06894e+04,6.35846e-17
2.08709e+04,6.12849e-17
2.10541e+04,5.89651e-17
2.12388e+04,5.69319e-17
2.14252e+04,5.49695e-17
2.16132e+04,5.29899e-17
2.18029e+04,5.09929e-17
2.19942e+04,0.00000e+00
2.21872e+04,0.00000e+00
2.23819e+04,0.00000e+00
2.25783e+04,0.00000e+00
2.27764e+04,0.00000e+00
2.29763e+04,0.00000e+00
2.31779e+04,0.00000e+00
2.33812e+04,0.00000e+00
2.35864e+04,0.00000e+00
2.37934e+04,0.00000e+00
2.40022e+04,0.00000e+00
2.42128e+04,0.00000e+00
2.44253e+04,0.00000e+00
2.46396e+04,0.00000e+00
2.48558e+04,0.00000e+00
2.50739e+04,0.00000e+00
2.52939e+04,0.00000e+00
2.55159e+04,0.00000e+00
2.57398e+04,0.00000e+00
2.59656e+04,0.00000e+00
2.61935e+04,0.00000e+00
2.64233e+04,0.00000e+00
2.66552e+04,0.00000e+00
2.68891e+04,0.00000e+00
2.71250e+04,0.00000e+00
2.73631e+04,0.00000e+00
2.76032e+04,0.00000e+00
2.78454e+04,0.00000e+00
2.80897e+04,0.00000e+00
2.83362e+04,0.00000e+00
2.85849e+04,0.00000e+00
2.88357e+04,0.00000e+00
2.90887e+04,0.00000e+00
2.93440e+04,0.00000e+00
2.96015e+04,0.00000e+00
2.98612e+04,0.00000e+00
3.01232e+04,0.00000e+00
3.03876e+04,0.00000e+00
3.06542e+04,0.00000e+00
3.09232e+04,0.00000e+00
3.11946e+04,0.00000e+00
3.14683e+04,0.00000e+00
3.17444e+04,0.00000e+00
3.20230e+04,0.00000e+00
3.23040e+04,0.00000e+00
3.25874e+04,0.00000e+00
3.28734e+04,0.00000e+00
3.31619e+04,0.00000e+00
3.34529e+04,0.00000e+00
3.37464e+04,0.00000e+00
3.40425e+04,0.00000e+00
3.43412e+04,0.00000e+00
3.46426e+04,0.00000e+00
3.49466e+04,0.00000e+00
3.52532e+04,0.00000e+00
3.55626e+04,0.00000e+00
3.58746e+04,0.00000e+00
3.61894e+04,0.00000e+00
3.65070e+04,0.00000e+00
3.68273e+04,0.00000e+00
3.71505e+04,0.00000e+00
3.74765e+04,0.00000e+00
3.78053e+04,0.00000e+00
3.81371e+04,0.00000e+00
3.84717e+04,0.00000e+00
3.88093e+04,0.00000e+00
3.91499e+04,0.00000e+00
3.94934e+04,0.00000e+00
3.98399e+04,0.00000e+00
4.01895e+04,0.00000e+00
4.05422e+04,0.00000e+00
4.08980e+04,0.00000e+00
4.12568e+04,0.00000e+00
4.16189e+04,0.00000e+00
4.19841e+04,0.00000e+00
4.23525e+04,0.00000e+00
4.27241e+04,0.00000e+00
4.30990e+04,0.00000e+00
4.34772e+04,0.00000e+00
4.38587e+04,0.00000e+00
4.42436e+04,0.00000e+00
4.46318e+04,0.00000e+00
4.50234e+04,0.00000e+00
4.54185e+04,0.00000e+00
4.58171e+04,0.00000e+00
4.62191e+04,0.00000e+00
4.66247e+04,0.00000e+00
4.70338e+04,0.00000e+00
4.74465e+04,0.00000e+00
4.78629e+04,0.00000e+00
4.82828e+04,0.00000e+00
4.87065e+04,0.00000e+00
4.91339e+04,0.00000e+00
4.95651e+04,0.00000e+00
5.00000e+04,0.00000e+00
