1.11000e+00,1.26717e-07
1.55268e+00,2.18649e-07
1.99537e+00,3.27736e-07
2.43805e+00,3.87210e-07
2.88074e+00,5.02870e-07
3.32342e+00,5.78917e-07
3.76611e+00,5.91228e-07
4.20879e+00,5.44099e-07
4.65148e+00,4.85114e-07
5.09416e+00,4.41922e-07
5.53685e+00,3.77714e-07
5.97953e+00,3.22871e-07
6.42222e+00,2.51374e-07
6.86490e+00,2.10084e-07
7.30759e+00,1.71367e-07
7.75027e+00,1.35974e-07
8.19296e+00,1.12946e-07
8.63564e+00,9.53832e-08
9.07833e+00,8.08597e-08
9.52101e+00,7.54025e-08
9.96370e+00,6.65729e-08
1.04064e+01,5.57476e-08
1.08491e+01,5.12447e-08
1.12918e+01,4.56386e-08
1.17344e+01,4.12275e-08
1.21771e+01,3.78140e-08
1.26198e+01,3.42967e-08
1.30625e+01,3.10179e-08
1.35052e+01,2.78880e-08
1.39479e+01,2.63779e-08
1.43905e+01,2.45216e-08
1.48332e+01,2.28015e-08
1.52759e+01,2.10219e-08
1.57186e+01,1.93654e-08
1.61613e+01,1.80231e-08
1.66040e+01,1.68711e-08
1.70467e+01,1.63527e-08
1.74893e+01,1.44188e-08
1.79320e+01,1.42069e-08
1.83747e+01,1.34797e-08
1.88174e+01,1.28618e-08
1.92601e+01,1.21864e-08
1.97028e+01,1.14510e-08
2.01455e+01,1.05914e-08
2.05881e+01,9.87132e-09
2.10308e+01,9.23504e-09
2.14735e+01,8.81608e-09
2.19162e+01,8.41943e-09
2.23589e+01,8.04837e-09
2.28016e+01,7.38517e-09
2.32442e+01,6.75071e-09
2.36869e+01,6.18527e-09
2.41296e+01,5.78237e-09
2.45723e+01,5.48045e-09
2.50150e+01,5.16684e-09
2.54577e+01,4.95684e-09
2.59004e+01,4.58037e-09
2.63430e+01,4.22324e-09
2.67857e+01,3.82488e-09
2.72284e+01,3.45332e-09
2.76711e+01,3.21539e-09
2.81138e+01,3.03519e-09
2.85565e+01,2.84245e-09
2.89991e+01,2.72836e-09
2.94418e+01,2.52007e-09
2.98845e+01,2.37068e-09
3.03272e+01,2.19776e-09
3.07699e+01,2.09492e-09
3.12126e+01,1.98234e-09
3.16553e+01,1.91950e-09
3.20979e+01,1.83942e-09
3.25406e+01,1.74631e-09
3.29833e+01,1.65573e-09
3.34260e+01,1.56994e-09
3.38687e+01,1.48629e-09
3.43114e+01,1.40786e-09
3.47541e+01,1.34069e-09
3.51967e+01,1.28084e-09
3.56394e+01,1.22382e-09
3.60821e+01,1.15054e-09
3.65248e+01,1.07981e-09
3.69675e+01,1.01411e-09
3.74102e+01,9.59721e-10
3.78528e+01,9.16955e-10
3.82955e+01,8.65951e-10
3.87382e+01,8.32290e-10
3.91809e+01,8.00390e-10
3.96236e+01,7.69843e-10
4.00663e+01,7.30858e-10
4.05090e+01,6.94048e-10
4.09516e+01,6.59273e-10
4.13943e+01,6.29043e-10
4.18370e+01,6.01078e-10
4.22797e+01,5.62016e-10
4.27224e+01,5.37809e-10
4.31651e+01,5.19621e-10
4.36077e+01,5.02257e-10
4.40504e+01,4.85671e-10
4.44931e+01,4.63187e-10
4.49358e+01,4.41259e-10
4.53785e+01,4.20477e-10
4.58212e+01,4.02921e-10
4.62639e+01,3.93696e-10
4.67065e+01,3.84746e-10
4.71492e+01,3.76060e-10
4.75919e+01,3.64997e-10
4.80346e+01,3.49435e-10
4.84773e+01,3.34626e-10
4.89200e+01,3.20528e-10
4.93627e+01,3.08354e-10
4.98053e+01,3.00036e-10
5.02480e+01,2.92023e-10
5.06907e+01,2.84303e-10
5.11334e+01,2.76861e-10
5.15761e+01,2.66511e-10
5.20188e+01,2.56565e-10
5.24614e+01,2.47049e-10
5.29041e+01,2.37939e-10
5.33468e+01,2.27463e-10
5.37895e+01,2.15598e-10
5.42322e+01,2.07160e-10
5.46749e+01,1.97467e-10
5.51176e+01,1.83317e-10
5.55602e+01,1.77565e-10
5.60029e+01,1.73538e-10
5.64456e+01,1.69636e-10
5.68883e+01,1.65853e-10
5.73310e+01,1.62185e-10
5.77737e+01,1.58880e-10
5.82164e+01,1.55772e-10
5.86590e+01,1.52746e-10
5.91017e+01,1.49799e-10
5.95444e+01,1.46929e-10
5.99871e+01,1.43548e-10
6.04298e+01,1.39373e-10
6.08725e+01,1.35346e-10
6.13151e+01,1.31461e-10
6.17578e+01,1.27711e-10
6.22005e+01,1.24091e-10
6.26432e+01,1.21686e-10
6.30859e+01,1.19674e-10
6.35286e+01,1.17706e-10
6.39713e+01,1.15781e-10
6.44139e+01,1.13897e-10
6.48566e+01,1.12053e-10
6.52993e+01,1.09498e-10
6.57420e+01,1.06828e-10
6.61847e+01,1.04241e-10
6.66274e+01,1.01733e-10
6.70700e+01,9.93027e-11
6.75127e+01,9.69460e-11
6.79554e+01,9.47210e-11
6.83981e+01,9.26367e-11
6.88408e+01,9.06146e-11
6.92835e+01,8.86526e-11
6.97262e+01,8.67483e-11
7.01688e+01,8.48997e-11
7.06115e+01,8.31049e-11
7.10542e+01,8.01259e-11
7.14969e+01,7.66971e-11
7.19396e+01,7.33906e-11
7.23823e+01,7.02016e-11
7.28250e+01,6.71254e-11
7.32676e+01,6.41575e-11
7.37103e+01,6.12937e-11
7.41530e+01,5.75283e-11
7.45957e+01,5.28054e-11
7.50384e+01,4.82652e-11
7.54811e+01,4.39007e-11
7.59237e+01,3.97051e-11
7.63664e+01,3.56720e-11
7.68091e+01,3.17951e-11
7.72518e+01,2.80684e-11
7.76945e+01,2.49677e-11
7.81372e+01,2.21542e-11
7.85799e+01,1.94641e-11
7.90225e+01,1.68925e-11
7.94652e+01,1.44342e-11
7.99079e+01,1.20846e-11
8.03506e+01,9.83923e-12
8.07933e+01,7.69371e-12
8.12360e+01,6.18648e-12
8.16787e+01,5.32131e-12
8.21213e+01,4.49441e-12
8.25640e+01,3.70419e-12
8.30067e+01,2.94911e-12
8.34494e+01,2.22771e-12
8.38921e+01,1.53860e-12
8.43348e+01,8.80433e-13
8.47774e+01,2.51930e-13
8.52201e+01,8.47699e-19
8.56628e+01,7.47030e-19
8.61055e+01,6.50476e-19
8.65482e+01,5.57877e-19
8.69909e+01,4.69078e-19
8.74336e+01,3.83932e-19
8.78762e+01,3.02297e-19
8.83189e+01,2.24037e-19
8.87616e+01,1.49022e-19
8.92043e+01,7.71268e-20
