1.11000e+00,1.73969e-07
1.55268e+00,3.11578e-07
1.99537e+00,4.52772e-07
2.43805e+00,5.72567e-07
2.88074e+00,7.04020e-07
3.32342e+00,8.09959e-07
3.76611e+00,8.28814e-07
4.20879e+00,7.57969e-07
4.65148e+00,6.75549e-07
5.09416e+00,6.09560e-07
5.53685e+00,5.10084e-07
5.97953e+00,4.32111e-07
6.42222e+00,3.29164e-07
6.86490e+00,2.72347e-07
7.30759e+00,2.20422e-07
7.75027e+00,1.72558e-07
8.19296e+00,1.42783e-07
8.63564e+00,1.21757e-07
9.07833e+00,1.04362e-07
9.52101e+00,9.77339e-08
9.96370e+00,8.33613e-08
1.04064e+01,7.11771e-08
1.08491e+01,6.54593e-08
1.12918e+01,5.77937e-08
1.17344e+01,5.20630e-08
1.21771e+01,4.81522e-08
1.26198e+01,4.34919e-08
1.30625e+01,3.90542e-08
1.35052e+01,3.55516e-08
1.39479e+01,3.30165e-08
1.43905e+01,3.07717e-08
1.48332e+01,2.85000e-08
1.52759e+01,2.58675e-08
1.57186e+01,2.36871e-08
1.61613e+01,2.18765e-08
1.66040e+01,2.07900e-08
1.70467e+01,1.90653e-08
1.74893e+01,1.92090e-08
1.79320e+01,1.78577e-08
1.83747e+01,1.65856e-08
1.88174e+01,1.54464e-08
1.92601e+01,1.44389e-08
1.97028e+01,1.33498e-08
2.01455e+01,1.21083e-08
2.05881e+01,1.11614e-08
2.10308e+01,1.03173e-08
2.14735e+01,9.84255e-09
2.19162e+01,9.27285e-09
2.23589e+01,8.69153e-09
2.28016e+01,7.85351e-09
2.32442e+01,7.11093e-09
2.36869e+01,6.51633e-09
2.41296e+01,6.15578e-09
2.45723e+01,5.74658e-09
2.50150e+01,5.44771e-09
2.54577e+01,5.12092e-09
2.59004e+01,4.70609e-09
2.63430e+01,4.28884e-09
2.67857e+01,3.86763e-09
2.72284e+01,3.47515e-09
2.76711e+01,3.26640e-09
2.81138e+01,3.07736e-09
2.85565e+01,2.94379e-09
2.89991e+01,2.82306e-09
2.94418e+01,2.68724e-09
2.98845e+01,2.44858e-09
3.03272e+01,2.31696e-09
3.07699e+01,2.18213e-09
3.12126e+01,2.07454e-09
3.16553e+01,1.97904e-09
3.20979e+01,1.87578e-09
3.25406e+01,1.77353e-09
3.29833e+01,1.67612e-09
3.34260e+01,1.59001e-09
3.38687e+01,1.49492e-09
3.43114e+01,1.40353e-09
3.47541e+01,1.32944e-09
3.51967e+01,1.26404e-09
3.56394e+01,1.20239e-09
3.60821e+01,1.13065e-09
3.65248e+01,1.07648e-09
3.69675e+01,9.98665e-10
3.74102e+01,9.55629e-10
3.78528e+01,9.05307e-10
3.82955e+01,8.51999e-10
3.87382e+01,8.06793e-10
3.91809e+01,7.72238e-10
3.96236e+01,7.52648e-10
4.00663e+01,7.14547e-10
4.05090e+01,6.78610e-10
4.09516e+01,6.47162e-10
4.13943e+01,6.17502e-10
4.18370e+01,5.90274e-10
4.22797e+01,5.64517e-10
4.27224e+01,5.39123e-10
4.31651e+01,5.16780e-10
4.36077e+01,4.99815e-10
4.40504e+01,4.83598e-10
4.44931e+01,4.61428e-10
4.49358e+01,4.39791e-10
4.53785e+01,4.19281e-10
4.58212e+01,4.02000e-10
4.62639e+01,3.93109e-10
4.67065e+01,3.84474e-10
4.71492e+01,3.76087e-10
4.75919e+01,3.65164e-10
4.80346e+01,3.49471e-10
4.84773e+01,3.34543e-10
4.89200e+01,3.20338e-10
4.93627e+01,3.08099e-10
4.98053e+01,2.99809e-10
5.02480e+01,2.91824e-10
5.06907e+01,2.84130e-10
5.11334e+01,2.76713e-10
5.15761e+01,2.65906e-10
5.20188e+01,2.55524e-10
5.24614e+01,2.45597e-10
5.29041e+01,2.36103e-10
5.33468e+01,2.25487e-10
5.37895e+01,2.13731e-10
5.42322e+01,2.06357e-10
5.46749e+01,1.96606e-10
5.51176e+01,1.81780e-10
5.55602e+01,1.76341e-10
5.60029e+01,1.72685e-10
5.64456e+01,1.69131e-10
5.68883e+01,1.65674e-10
5.73310e+01,1.62312e-10
5.77737e+01,1.59132e-10
5.82164e+01,1.56074e-10
5.86590e+01,1.53095e-10
5.91017e+01,1.50193e-10
5.95444e+01,1.47365e-10
5.99871e+01,1.43995e-10
6.04298e+01,1.39789e-10
6.08725e+01,1.35731e-10
6.13151e+01,1.31816e-10
6.17578e+01,1.28038e-10
6.22005e+01,1.24390e-10
6.26432e+01,1.21878e-10
6.30859e+01,1.19740e-10
6.35286e+01,1.17654e-10
6.39713e+01,1.15617e-10
6.44139e+01,1.13628e-10
6.48566e+01,1.11686e-10
6.52993e+01,1.08920e-10
6.57420e+01,1.06019e-10
6.61847e+01,1.03213e-10
6.66274e+01,1.00498e-10
6.70700e+01,9.78702e-11
6.75127e+01,9.53268e-11
6.79554e+01,9.29515e-11
6.83981e+01,9.07573e-11
6.88408e+01,8.86312e-11
6.92835e+01,8.65709e-11
6.97262e+01,8.45737e-11
7.01688e+01,8.26375e-11
7.06115e+01,8.07600e-11
7.10542e+01,7.76829e-11
7.14969e+01,7.41522e-11
7.19396e+01,7.07491e-11
7.23823e+01,6.74686e-11
7.28250e+01,6.43056e-11
7.32676e+01,6.12556e-11
7.37103e+01,5.83141e-11
7.41530e+01,5.46029e-11
7.45957e+01,5.00748e-11
7.50384e+01,4.57250e-11
7.54811e+01,4.15466e-11
7.59237e+01,3.75328e-11
7.63664e+01,3.36772e-11
7.68091e+01,2.99737e-11
7.72518e+01,2.64163e-11
7.76945e+01,2.34916e-11
7.81372e+01,2.08500e-11
7.85799e+01,1.83242e-11
7.90225e+01,1.59094e-11
7.94652e+01,1.36009e-11
7.99079e+01,1.13943e-11
8.03506e+01,9.28548e-12
8.07933e+01,7.27027e-12
8.12360e+01,5.85190e-12
8.16787e+01,5.03393e-12
8.21213e+01,4.25203e-12
8.25640e+01,3.50471e-12
8.30067e+01,2.79051e-12
8.34494e+01,2.10808e-12
8.38921e+01,1.45609e-12
8.43348e+01,8.33282e-13
8.47774e+01,2.38457e-13
8.52201e+01,8.14276e-19
8.56628e+01,7.17715e-19
8.61055e+01,6.25094e-19
8.65482e+01,5.36259e-19
8.69909e+01,4.51063e-19
8.74336e+01,3.69364e-19
8.78762e+01,2.91028e-19
8.83189e+01,2.15924e-19
8.87616e+01,1.43928e-19
8.92043e+01,7.49193e-20
