1.11000e+00,5.75514e-05
1.60342e+00,1.90970e-05
2.09683e+00,8.54512e-06
2.59025e+00,4.53790e-06
3.08367e+00,2.69255e-06
3.57709e+00,1.72719e-06
4.07050e+00,1.18445e-06
4.56392e+00,8.33481e-07
5.05734e+00,6.13300e-07
5.55075e+00,4.64409e-07
6.04417e+00,3.60102e-07
6.53759e+00,2.84933e-07
7.03101e+00,2.29300e-07
7.52442e+00,1.87384e-07
8.01784e+00,1.55132e-07
8.51126e+00,1.29932e-07
9.00467e+00,1.09960e-07
9.49809e+00,9.39189e-08
9.99151e+00,8.09583e-08
1.04849e+01,7.02816e-08
1.09783e+01,6.14227e-08
1.14718e+01,5.40404e-08
1.19652e+01,4.78398e-08
1.24586e+01,4.25968e-08
1.29520e+01,3.81408e-08
1.34454e+01,3.43372e-08
1.39388e+01,3.10824e-08
1.44323e+01,2.82407e-08
1.49257e+01,2.58472e-08
1.54191e+01,2.37844e-08
1.59125e+01,2.20490e-08
1.64059e+01,2.04855e-08
1.68993e+01,1.90900e-08
1.73928e+01,1.78085e-08
1.78862e+01,1.66075e-08
1.83796e+01,1.54628e-08
1.88730e+01,1.43669e-08
1.93664e+01,1.32817e-08
1.98598e+01,1.23176e-08
2.03533e+01,1.13823e-08
2.08467e+01,1.05090e-08
2.13401e+01,9.69515e-09
2.18335e+01,8.94363e-09
2.23269e+01,8.25315e-09
2.28204e+01,7.61953e-09
2.33138e+01,7.04037e-09
2.38072e+01,6.51020e-09
2.43006e+01,6.02577e-09
2.47940e+01,5.58355e-09
2.52874e+01,5.27376e-09
2.57809e+01,4.81052e-09
2.62743e+01,4.47294e-09
2.67677e+01,4.16412e-09
2.72611e+01,3.88145e-09
2.77545e+01,3.62245e-09
2.82479e+01,3.38481e-09
2.87414e+01,3.16613e-09
2.92348e+01,2.96499e-09
2.97282e+01,2.77967e-09
3.02216e+01,2.61279e-09
3.07150e+01,2.45192e-09
3.12084e+01,2.30629e-09
3.17019e+01,2.17156e-09
3.21953e+01,2.04678e-09
3.26887e+01,1.93103e-09
3.31821e+01,1.82353e-09
3.36755e+01,1.72357e-09
3.41689e+01,1.63171e-09
3.46624e+01,1.54488e-09
3.51558e+01,1.46451e-09
3.56492e+01,1.38896e-09
3.61426e+01,1.31841e-09
3.66360e+01,1.25192e-09
3.71294e+01,1.19019e-09
3.76229e+01,1.13233e-09
3.81163e+01,1.07804e-09
3.86097e+01,1.02706e-09
3.91031e+01,9.81524e-10
3.95965e+01,9.36083e-10
4.00899e+01,8.93305e-10
4.05834e+01,8.53016e-10
4.10768e+01,8.15047e-10
4.15702e+01,7.79241e-10
4.20636e+01,7.45452e-10
4.25570e+01,7.13548e-10
4.30505e+01,6.83029e-10
4.35439e+01,6.54610e-10
4.40373e+01,6.27596e-10
4.45307e+01,6.01893e-10
4.50241e+01,5.77421e-10
4.55175e+01,5.54117e-10
4.60110e+01,5.31915e-10
4.65044e+01,5.10760e-10
4.69978e+01,4.90597e-10
4.74912e+01,4.71386e-10
4.79846e+01,4.53085e-10
4.84780e+01,4.35657e-10
4.89715e+01,4.19070e-10
4.94649e+01,4.03293e-10
4.99583e+01,3.88297e-10
5.04517e+01,3.74051e-10
5.09451e+01,3.60530e-10
5.14385e+01,3.47704e-10
5.19320e+01,3.35535e-10
5.24254e+01,3.23988e-10
5.29188e+01,3.13032e-10
5.34122e+01,3.02639e-10
5.39056e+01,2.92763e-10
5.43990e+01,2.83375e-10
5.48925e+01,2.74441e-10
5.53859e+01,2.65943e-10
5.58793e+01,2.57843e-10
5.63727e+01,2.50118e-10
5.68661e+01,2.42745e-10
5.73595e+01,2.66493e-10
5.78530e+01,2.58604e-10
5.83464e+01,2.22531e-10
5.88398e+01,2.16358e-10
5.93332e+01,2.10439e-10
5.98266e+01,2.04756e-10
6.03201e+01,1.99291e-10
6.08135e+01,1.94030e-10
6.13069e+01,1.88959e-10
6.18003e+01,1.84065e-10
6.22937e+01,1.79336e-10
6.27871e+01,1.74763e-10
6.32806e+01,1.70336e-10
6.37740e+01,1.66045e-10
6.42674e+01,1.61885e-10
6.47608e+01,1.57850e-10
6.52542e+01,1.53933e-10
6.57476e+01,1.50128e-10
6.62411e+01,1.46430e-10
6.67345e+01,1.42837e-10
6.72279e+01,1.39343e-10
6.77213e+01,1.35946e-10
6.82147e+01,1.32640e-10
6.87081e+01,1.29423e-10
6.92016e+01,1.26293e-10
6.96950e+01,1.23248e-10
7.01884e+01,1.20281e-10
7.06818e+01,1.17393e-10
7.11752e+01,1.14582e-10
7.16686e+01,1.11844e-10
7.21621e+01,1.09178e-10
7.26555e+01,1.06580e-10
7.31489e+01,1.04050e-10
7.36423e+01,1.01587e-10
7.41357e+01,9.91867e-11
7.46291e+01,9.68482e-11
7.51226e+01,9.45707e-11
7.56160e+01,9.23526e-11
7.61094e+01,9.01922e-11
7.66028e+01,8.80872e-11
7.70962e+01,8.60375e-11
7.75896e+01,8.40418e-11
7.80831e+01,8.20988e-11
7.85765e+01,8.02069e-11
7.90699e+01,7.83655e-11
7.95633e+01,7.65740e-11
8.00567e+01,7.48314e-11
8.05502e+01,7.31368e-11
8.10436e+01,7.14895e-11
8.15370e+01,6.98893e-11
8.20304e+01,6.83354e-11
8.25238e+01,6.68275e-11
8.30172e+01,6.53653e-11
8.35107e+01,6.39482e-11
8.40041e+01,6.25754e-11
8.44975e+01,6.12461e-11
8.49909e+01,5.99605e-11
8.54843e+01,5.87167e-11
8.59777e+01,5.75134e-11
8.64712e+01,5.63491e-11
8.69646e+01,5.52231e-11
8.74580e+01,5.41329e-11
8.79514e+01,5.30763e-11
8.84448e+01,5.20515e-11
8.89382e+01,5.10567e-11
8.94317e+01,5.00901e-11
8.99251e+01,4.91496e-11
9.04185e+01,4.82339e-11
9.09119e+01,4.73416e-11
9.14053e+01,4.64714e-11
9.18987e+01,4.56222e-11
9.23922e+01,4.47930e-11
9.28856e+01,4.39830e-11
9.33790e+01,4.31913e-11
9.38724e+01,4.24172e-11
9.43658e+01,4.16601e-11
9.48592e+01,4.09193e-11
9.53527e+01,4.01942e-11
9.58461e+01,3.94841e-11
9.63395e+01,3.87888e-11
9.68329e+01,3.81076e-11
9.73263e+01,3.74402e-11
9.78197e+01,3.67858e-11
9.83132e+01,3.61443e-11
9.88066e+01,3.55154e-11
9.93000e+01,3.48987e-11
